Glycan,AD4,AD5,AD__3,AD__4,AD__6
2-3-0-0-0 Protonated,136918300,142548400,N/A,N/A,N/A
2-3-0-0-0 Protonated Ratio,1,1.04,N/A,N/A,N/A
2-3-0-0-0 All Adducts,259752648,297415232,N/A,N/A,N/A
2-3-0-0-0 All Ratio,1,1.14,N/A,N/A,N/A
2-3-1-0-0 Protonated,532140900,447106300,N/A,N/A,N/A
2-3-1-0-0 Protonated Ratio,1.19,1,N/A,N/A,N/A
2-3-1-0-0 All Adducts,2763984288,2824428616,N/A,N/A,N/A
2-3-1-0-0 All Ratio,1,1.02,N/A,N/A,N/A
2-4-0-0-0 Protonated,215234200,157714600,N/A,N/A,N/A
2-4-0-0-0 Protonated Ratio,1.36,1,N/A,N/A,N/A
2-4-0-0-0 All Adducts,557386930,711828182,N/A,N/A,N/A
2-4-0-0-0 All Ratio,1,1.28,N/A,N/A,N/A
2-5-0-0-0 Protonated,15926140000,31267650000,N/A,N/A,N/A
2-5-0-0-0 Protonated Ratio,1,1.96,N/A,N/A,N/A
2-5-0-0-0 All Adducts,44669604864,84851575808,N/A,N/A,N/A
2-5-0-0-0 All Ratio,1,1.9,N/A,N/A,N/A
2-6-0-0-0 Protonated,2024363000,1872783000,N/A,N/A,N/A
2-6-0-0-0 Protonated Ratio,1.08,1,N/A,N/A,N/A
2-6-0-0-0 All Adducts,8984694544,9241311872,N/A,N/A,N/A
2-6-0-0-0 All Ratio,1,1.03,N/A,N/A,N/A
2-7-0-0-0 Protonated,22323150,45003120,N/A,N/A,N/A
2-7-0-0-0 Protonated Ratio,1,2.02,N/A,N/A,N/A
2-7-0-0-0 All Adducts,556083078,337082448,N/A,N/A,N/A
2-7-0-0-0 All Ratio,1.65,1,N/A,N/A,N/A
2-8-0-0-0 Protonated,88615310,274308800,N/A,N/A,N/A
2-8-0-0-0 Protonated Ratio,1,3.1,N/A,N/A,N/A
2-8-0-0-0 All Adducts,1795086866,3772632276,N/A,N/A,N/A
2-8-0-0-0 All Ratio,1,2.1,N/A,N/A,N/A
2-9-0-0-0 Protonated,486920200,620124400,N/A,N/A,N/A
2-9-0-0-0 Protonated Ratio,1,1.27,N/A,N/A,N/A
2-9-0-0-0 All Adducts,3799164048,5053193312,N/A,N/A,N/A
2-9-0-0-0 All Ratio,1,1.33,N/A,N/A,N/A
2-10-0-0-0 Protonated,11267490,35958000,N/A,N/A,N/A
2-10-0-0-0 Protonated Ratio,1,3.19,N/A,N/A,N/A
2-10-0-0-0 All Adducts,42706865.38,403528998,N/A,N/A,N/A
2-10-0-0-0 All Ratio,1,9.45,N/A,N/A,N/A
3-3-0-0-0 Protonated,44038320,18457920,N/A,N/A,N/A
3-3-0-0-0 Protonated Ratio,2.39,1,N/A,N/A,N/A
3-3-0-0-0 All Adducts,62287170,18457918,N/A,N/A,N/A
3-3-0-0-0 All Ratio,3.37,1,N/A,N/A,N/A
3-3-1-0-0 Protonated,1927088,8865689,N/A,N/A,N/A
3-3-1-0-0 Protonated Ratio,1,4.6,N/A,N/A,N/A
3-3-1-0-0 All Adducts,1927088.13,8865689,N/A,N/A,N/A
3-3-1-0-0 All Ratio,1,4.6,N/A,N/A,N/A
3-4-0-0-0 Protonated,17393560,33923420,N/A,N/A,N/A
3-4-0-0-0 Protonated Ratio,1,1.95,N/A,N/A,N/A
3-4-0-0-0 All Adducts,20974493.25,33923416,N/A,N/A,N/A
3-4-0-0-0 All Ratio,1,1.62,N/A,N/A,N/A
3-4-0-1-0 Protonated,13397400,45532200,N/A,N/A,N/A
3-4-0-1-0 Protonated Ratio,1,3.4,N/A,N/A,N/A
3-4-0-1-0 All Adducts,13397397,45532200,N/A,N/A,N/A
3-4-0-1-0 All Ratio,1,3.4,N/A,N/A,N/A
3-4-1-0-0 Protonated,24814610,27887230,N/A,N/A,N/A
3-4-1-0-0 Protonated Ratio,1,1.12,N/A,N/A,N/A
3-4-1-0-0 All Adducts,28172372.5,51852890,N/A,N/A,N/A
3-4-1-0-0 All Ratio,1,1.84,N/A,N/A,N/A
3-4-1-1-0 Protonated,7925254,19960270,N/A,N/A,N/A
3-4-1-1-0 Protonated Ratio,1,2.52,N/A,N/A,N/A
3-4-1-1-0 All Adducts,9879023.38,19960274,N/A,N/A,N/A
3-4-1-1-0 All Ratio,1,2.02,N/A,N/A,N/A
3-5-0-0-0 Protonated,82214.3,9745.51,N/A,N/A,N/A
3-5-0-0-0 Protonated Ratio,8.44,1,N/A,N/A,N/A
3-5-0-0-0 All Adducts,82214.3,9745.51,N/A,N/A,N/A
3-5-0-0-0 All Ratio,8.44,1,N/A,N/A,N/A
3-5-0-1-0 Protonated,4835838,10850170,N/A,N/A,N/A
3-5-0-1-0 Protonated Ratio,1,2.24,N/A,N/A,N/A
3-5-0-1-0 All Adducts,4835838,10850168,N/A,N/A,N/A
3-5-0-1-0 All Ratio,1,2.24,N/A,N/A,N/A
3-5-1-0-0 Protonated,874482.1,1106276,N/A,N/A,N/A
3-5-1-0-0 Protonated Ratio,1,1.27,N/A,N/A,N/A
3-5-1-0-0 All Adducts,1339352.53,1817035.69,N/A,N/A,N/A
3-5-1-0-0 All Ratio,1,1.36,N/A,N/A,N/A
3-5-1-1-0 Protonated,27383400,51250860,N/A,N/A,N/A
3-5-1-1-0 Protonated Ratio,1,1.87,N/A,N/A,N/A
3-5-1-1-0 All Adducts,74662595.25,58544593,N/A,N/A,N/A
3-5-1-1-0 All Ratio,1.28,1,N/A,N/A,N/A
3-6-0-0-0 Protonated,225347.6,915763.1,N/A,N/A,N/A
3-6-0-0-0 Protonated Ratio,1,4.06,N/A,N/A,N/A
3-6-0-0-0 All Adducts,225347.59,1008757.16,N/A,N/A,N/A
3-6-0-0-0 All Ratio,1,4.48,N/A,N/A,N/A
3-6-0-1-0 Protonated,5623304,2115338,N/A,N/A,N/A
3-6-0-1-0 Protonated Ratio,2.66,1,N/A,N/A,N/A
3-6-0-1-0 All Adducts,6646049.5,2115338,N/A,N/A,N/A
3-6-0-1-0 All Ratio,3.14,1,N/A,N/A,N/A
3-6-1-0-0 Protonated,56195200,132487000,N/A,N/A,N/A
3-6-1-0-0 Protonated Ratio,1,2.36,N/A,N/A,N/A
3-6-1-0-0 All Adducts,56195204,132486960,N/A,N/A,N/A
3-6-1-0-0 All Ratio,1,2.36,N/A,N/A,N/A
3-6-1-1-0 Protonated,20796240,18532540,N/A,N/A,N/A
3-6-1-1-0 Protonated Ratio,1.12,1,N/A,N/A,N/A
3-6-1-1-0 All Adducts,23960798.5,24210888.5,N/A,N/A,N/A
3-6-1-1-0 All Ratio,1,1.01,N/A,N/A,N/A
3-7-0-0-0 Protonated,294142.5,10035030,N/A,N/A,N/A
3-7-0-0-0 Protonated Ratio,1,34.12,N/A,N/A,N/A
3-7-0-0-0 All Adducts,940876.91,10035025,N/A,N/A,N/A
3-7-0-0-0 All Ratio,1,10.67,N/A,N/A,N/A
3-8-0-1-0 Protonated,27226850,43144380,N/A,N/A,N/A
3-8-0-1-0 Protonated Ratio,1,1.58,N/A,N/A,N/A
3-8-0-1-0 All Adducts,27226850,43144384,N/A,N/A,N/A
3-8-0-1-0 All Ratio,1,1.58,N/A,N/A,N/A
4-3-0-0-0 Protonated,264965500,368009900,N/A,N/A,N/A
4-3-0-0-0 Protonated Ratio,1,1.39,N/A,N/A,N/A
4-3-0-0-0 All Adducts,264965488,420320440,N/A,N/A,N/A
4-3-0-0-0 All Ratio,1,1.59,N/A,N/A,N/A
4-3-1-0-0 Protonated,3883547000,2668231000,N/A,N/A,N/A
4-3-1-0-0 Protonated Ratio,1.46,1,N/A,N/A,N/A
4-3-1-0-0 All Adducts,4777345728,3438624256,N/A,N/A,N/A
4-3-1-0-0 All Ratio,1.39,1,N/A,N/A,N/A
4-4-0-0-0 Protonated,28564560,282599900,N/A,N/A,N/A
4-4-0-0-0 Protonated Ratio,1,9.89,N/A,N/A,N/A
4-4-0-0-0 All Adducts,31846257.75,282599936,N/A,N/A,N/A
4-4-0-0-0 All Ratio,1,8.87,N/A,N/A,N/A
4-4-0-1-0 Protonated,55640560,185780700,N/A,N/A,N/A
4-4-0-1-0 Protonated Ratio,1,3.34,N/A,N/A,N/A
4-4-0-1-0 All Adducts,55640564,185780656,N/A,N/A,N/A
4-4-0-1-0 All Ratio,1,3.34,N/A,N/A,N/A
4-4-1-0-0 Protonated,124326000,17184590,N/A,N/A,N/A
4-4-1-0-0 Protonated Ratio,7.23,1,N/A,N/A,N/A
4-4-1-0-0 All Adducts,145257452,310356734,N/A,N/A,N/A
4-4-1-0-0 All Ratio,1,2.14,N/A,N/A,N/A
4-4-1-1-0 Protonated,226871300,252159000,N/A,N/A,N/A
4-4-1-1-0 Protonated Ratio,1,1.11,N/A,N/A,N/A
4-4-1-1-0 All Adducts,226871328,252158992,N/A,N/A,N/A
4-4-1-1-0 All Ratio,1,1.11,N/A,N/A,N/A
4-5-0-0-0 Protonated,12028370,48200600,N/A,N/A,N/A
4-5-0-0-0 Protonated Ratio,1,4.01,N/A,N/A,N/A
4-5-0-0-0 All Adducts,12028366,48200604,N/A,N/A,N/A
4-5-0-0-0 All Ratio,1,4.01,N/A,N/A,N/A
4-5-0-1-0 Protonated,380923800,1175608000,N/A,N/A,N/A
4-5-0-1-0 Protonated Ratio,1,3.09,N/A,N/A,N/A
4-5-0-1-0 All Adducts,380923776,1175608064,N/A,N/A,N/A
4-5-0-1-0 All Ratio,1,3.09,N/A,N/A,N/A
4-5-0-2-0 Protonated,1390556000,1751876000,N/A,N/A,N/A
4-5-0-2-0 Protonated Ratio,1,1.26,N/A,N/A,N/A
4-5-0-2-0 All Adducts,1865048576,1968330016,N/A,N/A,N/A
4-5-0-2-0 All Ratio,1,1.06,N/A,N/A,N/A
4-5-1-0-0 Protonated,50629670,128328900,N/A,N/A,N/A
4-5-1-0-0 Protonated Ratio,1,2.53,N/A,N/A,N/A
4-5-1-0-0 All Adducts,101868064,341241999,N/A,N/A,N/A
4-5-1-0-0 All Ratio,1,3.35,N/A,N/A,N/A
4-5-1-1-0 Protonated,98121650,51434480,N/A,N/A,N/A
4-5-1-1-0 Protonated Ratio,1.91,1,N/A,N/A,N/A
4-5-1-1-0 All Adducts,109417000,59551946.5,N/A,N/A,N/A
4-5-1-1-0 All Ratio,1.84,1,N/A,N/A,N/A
4-5-1-2-0 Protonated,231762500,255795200,N/A,N/A,N/A
4-5-1-2-0 Protonated Ratio,1,1.1,N/A,N/A,N/A
4-5-1-2-0 All Adducts,294880744,255795232,N/A,N/A,N/A
4-5-1-2-0 All Ratio,1.15,1,N/A,N/A,N/A
4-5-2-0-0 Protonated,24535710,32778260,N/A,N/A,N/A
4-5-2-0-0 Protonated Ratio,1,1.34,N/A,N/A,N/A
4-5-2-0-0 All Adducts,45812270,122174574,N/A,N/A,N/A
4-5-2-0-0 All Ratio,1,2.67,N/A,N/A,N/A
4-5-3-1-0 Protonated,387925.3,164214.9,N/A,N/A,N/A
4-5-3-1-0 Protonated Ratio,2.36,1,N/A,N/A,N/A
4-5-3-1-0 All Adducts,595973.82,903158.61,N/A,N/A,N/A
4-5-3-1-0 All Ratio,1,1.52,N/A,N/A,N/A
4-6-0-0-0 Protonated,1354791,1707402,N/A,N/A,N/A
4-6-0-0-0 Protonated Ratio,1,1.26,N/A,N/A,N/A
4-6-0-0-0 All Adducts,1354790.5,2259117,N/A,N/A,N/A
4-6-0-0-0 All Ratio,1,1.67,N/A,N/A,N/A
4-6-0-1-0 Protonated,165300.5,228459,N/A,N/A,N/A
4-6-0-1-0 Protonated Ratio,1,1.38,N/A,N/A,N/A
4-6-0-1-0 All Adducts,165300.5,228459,N/A,N/A,N/A
4-6-0-1-0 All Ratio,1,1.38,N/A,N/A,N/A
4-6-0-2-0 Protonated,17411370,27061170,N/A,N/A,N/A
4-6-0-2-0 Protonated Ratio,1,1.55,N/A,N/A,N/A
4-6-0-2-0 All Adducts,17411368,27061166,N/A,N/A,N/A
4-6-0-2-0 All Ratio,1,1.55,N/A,N/A,N/A
4-6-1-0-0 Protonated,20059050,7652285,N/A,N/A,N/A
4-6-1-0-0 Protonated Ratio,2.62,1,N/A,N/A,N/A
4-6-1-0-0 All Adducts,20059052,9146343.88,N/A,N/A,N/A
4-6-1-0-0 All Ratio,2.19,1,N/A,N/A,N/A
4-6-1-1-0 Protonated,127527000,162434600,N/A,N/A,N/A
4-6-1-1-0 Protonated Ratio,1,1.27,N/A,N/A,N/A
4-6-1-1-0 All Adducts,127526968,162434624,N/A,N/A,N/A
4-6-1-1-0 All Ratio,1,1.27,N/A,N/A,N/A
4-6-1-2-0 Protonated,3445432,11551980,N/A,N/A,N/A
4-6-1-2-0 Protonated Ratio,1,3.35,N/A,N/A,N/A
4-6-1-2-0 All Adducts,4332261.25,11551980,N/A,N/A,N/A
4-6-1-2-0 All Ratio,1,2.67,N/A,N/A,N/A
4-7-0-0-0 Protonated,1223119,2808215,N/A,N/A,N/A
4-7-0-0-0 Protonated Ratio,1,2.3,N/A,N/A,N/A
4-7-0-0-0 All Adducts,1223118.88,3193830.13,N/A,N/A,N/A
4-7-0-0-0 All Ratio,1,2.61,N/A,N/A,N/A
4-7-0-1-0 Protonated,78877.39,28511.98,N/A,N/A,N/A
4-7-0-1-0 Protonated Ratio,2.77,1,N/A,N/A,N/A
4-7-0-1-0 All Adducts,78877.39,28511.98,N/A,N/A,N/A
4-7-0-1-0 All Ratio,2.77,1,N/A,N/A,N/A
4-7-0-2-0 Protonated,515375,1681632,N/A,N/A,N/A
4-7-0-2-0 Protonated Ratio,1,3.26,N/A,N/A,N/A
4-7-0-2-0 All Adducts,515375,1681632,N/A,N/A,N/A
4-7-0-2-0 All Ratio,1,3.26,N/A,N/A,N/A
4-7-1-0-0 Protonated,82127.49,19709.26,N/A,N/A,N/A
4-7-1-0-0 Protonated Ratio,4.17,1,N/A,N/A,N/A
4-7-1-0-0 All Adducts,82127.49,25274.25,N/A,N/A,N/A
4-7-1-0-0 All Ratio,3.25,1,N/A,N/A,N/A
4-7-1-1-0 Protonated,697419.9,630972.4,N/A,N/A,N/A
4-7-1-1-0 Protonated Ratio,1.11,1,N/A,N/A,N/A
4-7-1-1-0 All Adducts,697419.88,630972.44,N/A,N/A,N/A
4-7-1-1-0 All Ratio,1.11,1,N/A,N/A,N/A
4-7-1-2-0 Protonated,462458.4,602797.3,N/A,N/A,N/A
4-7-1-2-0 Protonated Ratio,1,1.3,N/A,N/A,N/A
4-7-1-2-0 All Adducts,462458.44,5424806.31,N/A,N/A,N/A
4-7-1-2-0 All Ratio,1,11.73,N/A,N/A,N/A
4-8-0-0-0 Protonated,19436.84,33314.84,N/A,N/A,N/A
4-8-0-0-0 Protonated Ratio,1,1.71,N/A,N/A,N/A
4-8-0-0-0 All Adducts,19436.84,33314.84,N/A,N/A,N/A
4-8-0-0-0 All Ratio,1,1.71,N/A,N/A,N/A
4-9-0-0-0 Protonated,18483.56,14500.05,N/A,N/A,N/A
4-9-0-0-0 Protonated Ratio,1.27,1,N/A,N/A,N/A
4-9-0-0-0 All Adducts,18483.56,14500.05,N/A,N/A,N/A
4-9-0-0-0 All Ratio,1.27,1,N/A,N/A,N/A
4-10-0-0-0 Protonated,159648.3,528917,N/A,N/A,N/A
4-10-0-0-0 Protonated Ratio,1,3.31,N/A,N/A,N/A
4-10-0-0-0 All Adducts,159648.34,589765.09,N/A,N/A,N/A
4-10-0-0-0 All Ratio,1,3.69,N/A,N/A,N/A
4-11-0-0-0 Protonated,33698.06,74407.63,N/A,N/A,N/A
4-11-0-0-0 Protonated Ratio,1,2.21,N/A,N/A,N/A
4-11-0-0-0 All Adducts,40440.51,327934.84,N/A,N/A,N/A
4-11-0-0-0 All Ratio,1,8.11,N/A,N/A,N/A
4-12-0-0-0 Protonated,349068.6,4341463,N/A,N/A,N/A
4-12-0-0-0 Protonated Ratio,1,12.44,N/A,N/A,N/A
4-12-0-0-0 All Adducts,483017.62,4341462.5,N/A,N/A,N/A
4-12-0-0-0 All Ratio,1,8.99,N/A,N/A,N/A
4-13-0-0-0 Protonated,40188.16,74641.79,N/A,N/A,N/A
4-13-0-0-0 Protonated Ratio,1,1.86,N/A,N/A,N/A
4-13-0-0-0 All Adducts,40188.16,74641.79,N/A,N/A,N/A
4-13-0-0-0 All Ratio,1,1.86,N/A,N/A,N/A
4-14-0-0-0 Protonated,358911.9,295891.1,N/A,N/A,N/A
4-14-0-0-0 Protonated Ratio,1.21,1,N/A,N/A,N/A
4-14-0-0-0 All Adducts,358911.91,295891.09,N/A,N/A,N/A
4-14-0-0-0 All Ratio,1.21,1,N/A,N/A,N/A
4-15-0-0-0 Protonated,23713.23,48895.37,N/A,N/A,N/A
4-15-0-0-0 Protonated Ratio,1,2.06,N/A,N/A,N/A
4-15-0-0-0 All Adducts,23713.23,48895.37,N/A,N/A,N/A
4-15-0-0-0 All Ratio,1,2.06,N/A,N/A,N/A
4-16-0-0-0 Protonated,51604.96,77045.07,N/A,N/A,N/A
4-16-0-0-0 Protonated Ratio,1,1.49,N/A,N/A,N/A
4-16-0-0-0 All Adducts,51604.96,77045.07,N/A,N/A,N/A
4-16-0-0-0 All Ratio,1,1.49,N/A,N/A,N/A
4-17-0-0-0 Protonated,114257.3,1547886,N/A,N/A,N/A
4-17-0-0-0 Protonated Ratio,1,13.55,N/A,N/A,N/A
4-17-0-0-0 All Adducts,114257.3,1547886,N/A,N/A,N/A
4-17-0-0-0 All Ratio,1,13.55,N/A,N/A,N/A
4-18-0-0-0 Protonated,7372.78,22751.47,N/A,N/A,N/A
4-18-0-0-0 Protonated Ratio,1,3.09,N/A,N/A,N/A
4-18-0-0-0 All Adducts,7372.78,68252.87,N/A,N/A,N/A
4-18-0-0-0 All Ratio,1,9.26,N/A,N/A,N/A
4-19-0-0-0 Protonated,5170.96,21780.42,N/A,N/A,N/A
4-19-0-0-0 Protonated Ratio,1,4.21,N/A,N/A,N/A
4-19-0-0-0 All Adducts,5170.96,21780.42,N/A,N/A,N/A
4-19-0-0-0 All Ratio,1,4.21,N/A,N/A,N/A
4-20-0-0-0 Protonated,3781,11258.75,N/A,N/A,N/A
4-20-0-0-0 Protonated Ratio,1,2.98,N/A,N/A,N/A
4-20-0-0-0 All Adducts,3781,28109.34,N/A,N/A,N/A
4-20-0-0-0 All Ratio,1,7.43,N/A,N/A,N/A
5-3-0-0-0 Protonated,3772258000,3526851000,N/A,N/A,N/A
5-3-0-0-0 Protonated Ratio,1.07,1,N/A,N/A,N/A
5-3-0-0-0 All Adducts,3772257792,3890460544,N/A,N/A,N/A
5-3-0-0-0 All Ratio,1,1.03,N/A,N/A,N/A
5-3-1-0-0 Protonated,21949340000,17440110000,N/A,N/A,N/A
5-3-1-0-0 Protonated Ratio,1.26,1,N/A,N/A,N/A
5-3-1-0-0 All Adducts,24792197120,17440110592,N/A,N/A,N/A
5-3-1-0-0 All Ratio,1.42,1,N/A,N/A,N/A
5-4-0-0-0 Protonated,46423150,53275580,N/A,N/A,N/A
5-4-0-0-0 Protonated Ratio,1,1.15,N/A,N/A,N/A
5-4-0-0-0 All Adducts,52546386.5,53275576,N/A,N/A,N/A
5-4-0-0-0 All Ratio,1,1.01,N/A,N/A,N/A
5-4-0-1-0 Protonated,37936340,57922030,N/A,N/A,N/A
5-4-0-1-0 Protonated Ratio,1,1.53,N/A,N/A,N/A
5-4-0-1-0 All Adducts,37936336,57922032,N/A,N/A,N/A
5-4-0-1-0 All Ratio,1,1.53,N/A,N/A,N/A
5-4-1-0-0 Protonated,1037520000,1027418000,N/A,N/A,N/A
5-4-1-0-0 Protonated Ratio,1.01,1,N/A,N/A,N/A
5-4-1-0-0 All Adducts,1286339520,1239405760,N/A,N/A,N/A
5-4-1-0-0 All Ratio,1.04,1,N/A,N/A,N/A
5-4-1-1-0 Protonated,655535200,943186500,N/A,N/A,N/A
5-4-1-1-0 Protonated Ratio,1,1.44,N/A,N/A,N/A
5-4-1-1-0 All Adducts,802546320,1055890968,N/A,N/A,N/A
5-4-1-1-0 All Ratio,1,1.32,N/A,N/A,N/A
5-5-0-0-0 Protonated,326715.1,483129.7,N/A,N/A,N/A
5-5-0-0-0 Protonated Ratio,1,1.48,N/A,N/A,N/A
5-5-0-0-0 All Adducts,326715.09,544409.07,N/A,N/A,N/A
5-5-0-0-0 All Ratio,1,1.67,N/A,N/A,N/A
5-5-0-1-0 Protonated,6997677,3026514,N/A,N/A,N/A
5-5-0-1-0 Protonated Ratio,2.31,1,N/A,N/A,N/A
5-5-0-1-0 All Adducts,6997677,3026514,N/A,N/A,N/A
5-5-0-1-0 All Ratio,2.31,1,N/A,N/A,N/A
5-5-0-2-0 Protonated,2129919,5047867,N/A,N/A,N/A
5-5-0-2-0 Protonated Ratio,1,2.37,N/A,N/A,N/A
5-5-0-2-0 All Adducts,2796336.5,12866045,N/A,N/A,N/A
5-5-0-2-0 All Ratio,1,4.6,N/A,N/A,N/A
5-5-1-0-0 Protonated,53495300,73155540,N/A,N/A,N/A
5-5-1-0-0 Protonated Ratio,1,1.37,N/A,N/A,N/A
5-5-1-0-0 All Adducts,53495304,73155536,N/A,N/A,N/A
5-5-1-0-0 All Ratio,1,1.37,N/A,N/A,N/A
5-5-1-1-0 Protonated,855014.7,217560.9,N/A,N/A,N/A
5-5-1-1-0 Protonated Ratio,3.93,1,N/A,N/A,N/A
5-5-1-1-0 All Adducts,855014.69,217560.91,N/A,N/A,N/A
5-5-1-1-0 All Ratio,3.93,1,N/A,N/A,N/A
5-5-1-2-0 Protonated,8298572,5031054,N/A,N/A,N/A
5-5-1-2-0 Protonated Ratio,1.65,1,N/A,N/A,N/A
5-5-1-2-0 All Adducts,8298572,5701251,N/A,N/A,N/A
5-5-1-2-0 All Ratio,1.46,1,N/A,N/A,N/A
5-6-0-0-0 Protonated,43953.78,884897.8,N/A,N/A,N/A
5-6-0-0-0 Protonated Ratio,1,20.13,N/A,N/A,N/A
5-6-0-0-0 All Adducts,76843.85,2085762.81,N/A,N/A,N/A
5-6-0-0-0 All Ratio,1,27.14,N/A,N/A,N/A
5-6-0-1-0 Protonated,245351.5,300213.9,N/A,N/A,N/A
5-6-0-1-0 Protonated Ratio,1,1.22,N/A,N/A,N/A
5-6-0-1-0 All Adducts,245351.5,393223.05,N/A,N/A,N/A
5-6-0-1-0 All Ratio,1,1.6,N/A,N/A,N/A
5-6-0-2-0 Protonated,4556418,3963223,N/A,N/A,N/A
5-6-0-2-0 Protonated Ratio,1.15,1,N/A,N/A,N/A
5-6-0-2-0 All Adducts,6011279.38,3963222.5,N/A,N/A,N/A
5-6-0-2-0 All Ratio,1.52,1,N/A,N/A,N/A
5-6-0-3-0 Protonated,681302700,665564900,N/A,N/A,N/A
5-6-0-3-0 Protonated Ratio,1.02,1,N/A,N/A,N/A
5-6-0-3-0 All Adducts,681302720,665564928,N/A,N/A,N/A
5-6-0-3-0 All Ratio,1.02,1,N/A,N/A,N/A
5-6-0-4-0 Protonated,100823.9,254038.8,N/A,N/A,N/A
5-6-0-4-0 Protonated Ratio,1,2.52,N/A,N/A,N/A
5-6-0-4-0 All Adducts,366392.75,1116590.89,N/A,N/A,N/A
5-6-0-4-0 All Ratio,1,3.05,N/A,N/A,N/A
5-6-1-0-0 Protonated,3523873,5927579,N/A,N/A,N/A
5-6-1-0-0 Protonated Ratio,1,1.68,N/A,N/A,N/A
5-6-1-0-0 All Adducts,5274506,5927578.5,N/A,N/A,N/A
5-6-1-0-0 All Ratio,1,1.12,N/A,N/A,N/A
5-6-1-1-0 Protonated,1778109,1814699,N/A,N/A,N/A
5-6-1-1-0 Protonated Ratio,1,1.02,N/A,N/A,N/A
5-6-1-1-0 All Adducts,2226819.06,2314748.69,N/A,N/A,N/A
5-6-1-1-0 All Ratio,1,1.04,N/A,N/A,N/A
5-6-1-2-0 Protonated,17857500,7624783,N/A,N/A,N/A
5-6-1-2-0 Protonated Ratio,2.34,1,N/A,N/A,N/A
5-6-1-2-0 All Adducts,26582435,7624783,N/A,N/A,N/A
5-6-1-2-0 All Ratio,3.49,1,N/A,N/A,N/A
5-6-1-3-0 Protonated,95700780,210496900,N/A,N/A,N/A
5-6-1-3-0 Protonated Ratio,1,2.2,N/A,N/A,N/A
5-6-1-3-0 All Adducts,120156242,210496880,N/A,N/A,N/A
5-6-1-3-0 All Ratio,1,1.75,N/A,N/A,N/A
5-6-2-0-0 Protonated,1376270,1033778,N/A,N/A,N/A
5-6-2-0-0 Protonated Ratio,1.33,1,N/A,N/A,N/A
5-6-2-0-0 All Adducts,1376270.38,1159122.49,N/A,N/A,N/A
5-6-2-0-0 All Ratio,1.19,1,N/A,N/A,N/A
5-6-2-1-0 Protonated,4495796,38164170,N/A,N/A,N/A
5-6-2-1-0 Protonated Ratio,1,8.49,N/A,N/A,N/A
5-6-2-1-0 All Adducts,12467282.5,38164168,N/A,N/A,N/A
5-6-2-1-0 All Ratio,1,3.06,N/A,N/A,N/A
5-6-2-3-0 Protonated,3051495,33961340,N/A,N/A,N/A
5-6-2-3-0 Protonated Ratio,1,11.13,N/A,N/A,N/A
5-6-2-3-0 All Adducts,5206628.72,33961340,N/A,N/A,N/A
5-6-2-3-0 All Ratio,1,6.52,N/A,N/A,N/A
5-7-0-0-0 Protonated,5870603,12620690,N/A,N/A,N/A
5-7-0-0-0 Protonated Ratio,1,2.15,N/A,N/A,N/A
5-7-0-0-0 All Adducts,6645768.25,12620687,N/A,N/A,N/A
5-7-0-0-0 All Ratio,1,1.9,N/A,N/A,N/A
5-7-0-1-0 Protonated,347859.8,833143.3,N/A,N/A,N/A
5-7-0-1-0 Protonated Ratio,1,2.4,N/A,N/A,N/A
5-7-0-1-0 All Adducts,347859.84,833143.31,N/A,N/A,N/A
5-7-0-1-0 All Ratio,1,2.4,N/A,N/A,N/A
5-7-0-2-0 Protonated,278319.1,953068.6,N/A,N/A,N/A
5-7-0-2-0 Protonated Ratio,1,3.42,N/A,N/A,N/A
5-7-0-2-0 All Adducts,326272.13,953068.63,N/A,N/A,N/A
5-7-0-2-0 All Ratio,1,2.92,N/A,N/A,N/A
5-7-1-0-0 Protonated,3619978,4267173,N/A,N/A,N/A
5-7-1-0-0 Protonated Ratio,1,1.18,N/A,N/A,N/A
5-7-1-0-0 All Adducts,5057651.63,8795728,N/A,N/A,N/A
5-7-1-0-0 All Ratio,1,1.74,N/A,N/A,N/A
5-7-1-1-0 Protonated,190513.3,167610.9,N/A,N/A,N/A
5-7-1-1-0 Protonated Ratio,1.14,1,N/A,N/A,N/A
5-7-1-1-0 All Adducts,393464.13,167610.86,N/A,N/A,N/A
5-7-1-1-0 All Ratio,2.35,1,N/A,N/A,N/A
5-7-1-2-0 Protonated,27318340,15908190,N/A,N/A,N/A
5-7-1-2-0 Protonated Ratio,1.72,1,N/A,N/A,N/A
5-7-1-2-0 All Adducts,35043521.5,17548409.63,N/A,N/A,N/A
5-7-1-2-0 All Ratio,2,1,N/A,N/A,N/A
5-7-2-1-0 Protonated,5024028,6403743,N/A,N/A,N/A
5-7-2-1-0 Protonated Ratio,1,1.27,N/A,N/A,N/A
5-7-2-1-0 All Adducts,8853599.75,10272345,N/A,N/A,N/A
5-7-2-1-0 All Ratio,1,1.16,N/A,N/A,N/A
5-8-0-0-0 Protonated,1015340,1698039,N/A,N/A,N/A
5-8-0-0-0 Protonated Ratio,1,1.67,N/A,N/A,N/A
5-8-0-0-0 All Adducts,1015339.63,1698038.75,N/A,N/A,N/A
5-8-0-0-0 All Ratio,1,1.67,N/A,N/A,N/A
5-8-0-1-0 Protonated,420052.1,1449544,N/A,N/A,N/A
5-8-0-1-0 Protonated Ratio,1,3.45,N/A,N/A,N/A
5-8-0-1-0 All Adducts,420052.09,1449544,N/A,N/A,N/A
5-8-0-1-0 All Ratio,1,3.45,N/A,N/A,N/A
5-8-0-2-0 Protonated,78270.27,70896.14,N/A,N/A,N/A
5-8-0-2-0 Protonated Ratio,1.1,1,N/A,N/A,N/A
5-8-0-2-0 All Adducts,78270.27,70896.14,N/A,N/A,N/A
5-8-0-2-0 All Ratio,1.1,1,N/A,N/A,N/A
5-8-1-0-0 Protonated,2693281,7703118,N/A,N/A,N/A
5-8-1-0-0 Protonated Ratio,1,2.86,N/A,N/A,N/A
5-8-1-0-0 All Adducts,2693281,7703118,N/A,N/A,N/A
5-8-1-0-0 All Ratio,1,2.86,N/A,N/A,N/A
5-8-1-1-0 Protonated,897432.3,16603.67,N/A,N/A,N/A
5-8-1-1-0 Protonated Ratio,54.05,1,N/A,N/A,N/A
5-8-1-1-0 All Adducts,897432.31,55554.29,N/A,N/A,N/A
5-8-1-1-0 All Ratio,16.15,1,N/A,N/A,N/A
5-8-1-2-0 Protonated,124323.5,794143.6,N/A,N/A,N/A
5-8-1-2-0 Protonated Ratio,1,6.39,N/A,N/A,N/A
5-8-1-2-0 All Adducts,228787.7,2452539.05,N/A,N/A,N/A
5-8-1-2-0 All Ratio,1,10.72,N/A,N/A,N/A
5-8-2-0-0 Protonated,1373443,4171282,N/A,N/A,N/A
5-8-2-0-0 Protonated Ratio,1,3.04,N/A,N/A,N/A
5-8-2-0-0 All Adducts,1373442.5,4171282,N/A,N/A,N/A
5-8-2-0-0 All Ratio,1,3.04,N/A,N/A,N/A
5-8-2-1-0 Protonated,3410791,23889560,N/A,N/A,N/A
5-8-2-1-0 Protonated Ratio,1,7,N/A,N/A,N/A
5-8-2-1-0 All Adducts,3410790.5,23889558,N/A,N/A,N/A
5-8-2-1-0 All Ratio,1,7,N/A,N/A,N/A
5-8-3-1-0 Protonated,241641.5,77524.27,N/A,N/A,N/A
5-8-3-1-0 Protonated Ratio,3.12,1,N/A,N/A,N/A
5-8-3-1-0 All Adducts,241641.5,257337.41,N/A,N/A,N/A
5-8-3-1-0 All Ratio,1,1.06,N/A,N/A,N/A
6-3-0-0-0 Protonated,154273600,160391500,N/A,N/A,N/A
6-3-0-0-0 Protonated Ratio,1,1.04,N/A,N/A,N/A
6-3-0-0-0 All Adducts,154273648,160391488,N/A,N/A,N/A
6-3-0-0-0 All Ratio,1,1.04,N/A,N/A,N/A
6-3-1-0-0 Protonated,1102118000,847158100,N/A,N/A,N/A
6-3-1-0-0 Protonated Ratio,1.3,1,N/A,N/A,N/A
6-3-1-0-0 All Adducts,1216438112,945550048,N/A,N/A,N/A
6-3-1-0-0 All Ratio,1.29,1,N/A,N/A,N/A
6-3-2-0-0 Protonated,71312790,129569000,N/A,N/A,N/A
6-3-2-0-0 Protonated Ratio,1,1.82,N/A,N/A,N/A
6-3-2-0-0 All Adducts,71312792,129569008,N/A,N/A,N/A
6-3-2-0-0 All Ratio,1,1.82,N/A,N/A,N/A
6-4-0-0-0 Protonated,6618007,8578182,N/A,N/A,N/A
6-4-0-0-0 Protonated Ratio,1,1.3,N/A,N/A,N/A
6-4-0-0-0 All Adducts,6618007,9675282.75,N/A,N/A,N/A
6-4-0-0-0 All Ratio,1,1.46,N/A,N/A,N/A
6-4-0-1-0 Protonated,35035390,50121540,N/A,N/A,N/A
6-4-0-1-0 Protonated Ratio,1,1.43,N/A,N/A,N/A
6-4-0-1-0 All Adducts,43157266,76076920,N/A,N/A,N/A
6-4-0-1-0 All Ratio,1,1.76,N/A,N/A,N/A
6-4-1-0-0 Protonated,522635600,475669500,N/A,N/A,N/A
6-4-1-0-0 Protonated Ratio,1.1,1,N/A,N/A,N/A
6-4-1-0-0 All Adducts,629980984,539556388,N/A,N/A,N/A
6-4-1-0-0 All Ratio,1.17,1,N/A,N/A,N/A
6-4-1-1-0 Protonated,362099600,1244038000,N/A,N/A,N/A
6-4-1-1-0 Protonated Ratio,1,3.44,N/A,N/A,N/A
6-4-1-1-0 All Adducts,400938612,1368782096,N/A,N/A,N/A
6-4-1-1-0 All Ratio,1,3.41,N/A,N/A,N/A
6-5-0-0-0 Protonated,3555805,3453300,N/A,N/A,N/A
6-5-0-0-0 Protonated Ratio,1.03,1,N/A,N/A,N/A
6-5-0-0-0 All Adducts,3555805,3954201.38,N/A,N/A,N/A
6-5-0-0-0 All Ratio,1,1.11,N/A,N/A,N/A
6-5-0-1-0 Protonated,8066539,36207270,N/A,N/A,N/A
6-5-0-1-0 Protonated Ratio,1,4.49,N/A,N/A,N/A
6-5-0-1-0 All Adducts,8066538.5,39841574.75,N/A,N/A,N/A
6-5-0-1-0 All Ratio,1,4.94,N/A,N/A,N/A
6-5-0-2-0 Protonated,1092197,2395649,N/A,N/A,N/A
6-5-0-2-0 Protonated Ratio,1,2.19,N/A,N/A,N/A
6-5-0-2-0 All Adducts,1539338.28,3106599.44,N/A,N/A,N/A
6-5-0-2-0 All Ratio,1,2.02,N/A,N/A,N/A
6-5-1-0-0 Protonated,36826190,27342660,N/A,N/A,N/A
6-5-1-0-0 Protonated Ratio,1.35,1,N/A,N/A,N/A
6-5-1-0-0 All Adducts,41640867.5,67748080,N/A,N/A,N/A
6-5-1-0-0 All Ratio,1,1.63,N/A,N/A,N/A
6-5-1-1-0 Protonated,39513060,52886870,N/A,N/A,N/A
6-5-1-1-0 Protonated Ratio,1,1.34,N/A,N/A,N/A
6-5-1-1-0 All Adducts,39513056,52886868,N/A,N/A,N/A
6-5-1-1-0 All Ratio,1,1.34,N/A,N/A,N/A
6-5-1-2-0 Protonated,126289600,173400600,N/A,N/A,N/A
6-5-1-2-0 Protonated Ratio,1,1.37,N/A,N/A,N/A
6-5-1-2-0 All Adducts,154356184,173400592,N/A,N/A,N/A
6-5-1-2-0 All Ratio,1,1.12,N/A,N/A,N/A
6-6-0-0-0 Protonated,38521720,107355200,N/A,N/A,N/A
6-6-0-0-0 Protonated Ratio,1,2.79,N/A,N/A,N/A
6-6-0-0-0 All Adducts,51903366,107355168,N/A,N/A,N/A
6-6-0-0-0 All Ratio,1,2.07,N/A,N/A,N/A
6-6-0-1-0 Protonated,35720.32,102742.7,N/A,N/A,N/A
6-6-0-1-0 Protonated Ratio,1,2.88,N/A,N/A,N/A
6-6-0-1-0 All Adducts,35720.32,102742.7,N/A,N/A,N/A
6-6-0-1-0 All Ratio,1,2.88,N/A,N/A,N/A
6-6-0-2-0 Protonated,400355.4,1289796,N/A,N/A,N/A
6-6-0-2-0 Protonated Ratio,1,3.22,N/A,N/A,N/A
6-6-0-2-0 All Adducts,478486.55,1289796,N/A,N/A,N/A
6-6-0-2-0 All Ratio,1,2.7,N/A,N/A,N/A
6-6-0-3-0 Protonated,31558.22,184000.5,N/A,N/A,N/A
6-6-0-3-0 Protonated Ratio,1,5.83,N/A,N/A,N/A
6-6-0-3-0 All Adducts,64224.74,311095.44,N/A,N/A,N/A
6-6-0-3-0 All Ratio,1,4.84,N/A,N/A,N/A
6-6-1-0-0 Protonated,550722.5,4559127,N/A,N/A,N/A
6-6-1-0-0 Protonated Ratio,1,8.28,N/A,N/A,N/A
6-6-1-0-0 All Adducts,838007.22,4559126.5,N/A,N/A,N/A
6-6-1-0-0 All Ratio,1,5.44,N/A,N/A,N/A
6-6-1-1-0 Protonated,33067190,62856780,N/A,N/A,N/A
6-6-1-1-0 Protonated Ratio,1,1.9,N/A,N/A,N/A
6-6-1-1-0 All Adducts,33067188,62856784,N/A,N/A,N/A
6-6-1-1-0 All Ratio,1,1.9,N/A,N/A,N/A
6-6-1-2-0 Protonated,524047.5,462311.7,N/A,N/A,N/A
6-6-1-2-0 Protonated Ratio,1.13,1,N/A,N/A,N/A
6-6-1-2-0 All Adducts,524047.47,519417.46,N/A,N/A,N/A
6-6-1-2-0 All Ratio,1.01,1,N/A,N/A,N/A
6-6-1-3-0 Protonated,4909397,41324390,N/A,N/A,N/A
6-6-1-3-0 Protonated Ratio,1,8.42,N/A,N/A,N/A
6-6-1-3-0 All Adducts,10682711,41324388,N/A,N/A,N/A
6-6-1-3-0 All Ratio,1,3.87,N/A,N/A,N/A
6-7-0-0-0 Protonated,567512.9,4110850,N/A,N/A,N/A
6-7-0-0-0 Protonated Ratio,1,7.24,N/A,N/A,N/A
6-7-0-0-0 All Adducts,567512.94,4110849.5,N/A,N/A,N/A
6-7-0-0-0 All Ratio,1,7.24,N/A,N/A,N/A
6-7-0-1-0 Protonated,1699508,3155206,N/A,N/A,N/A
6-7-0-1-0 Protonated Ratio,1,1.86,N/A,N/A,N/A
6-7-0-1-0 All Adducts,1927813.19,3155205.5,N/A,N/A,N/A
6-7-0-1-0 All Ratio,1,1.64,N/A,N/A,N/A
6-7-0-2-0 Protonated,2489813,4923818,N/A,N/A,N/A
6-7-0-2-0 Protonated Ratio,1,1.98,N/A,N/A,N/A
6-7-0-2-0 All Adducts,7480495.5,15610100,N/A,N/A,N/A
6-7-0-2-0 All Ratio,1,2.09,N/A,N/A,N/A
6-7-0-3-0 Protonated,2420967,4520376,N/A,N/A,N/A
6-7-0-3-0 Protonated Ratio,1,1.87,N/A,N/A,N/A
6-7-0-3-0 All Adducts,4540102.44,13160785.75,N/A,N/A,N/A
6-7-0-3-0 All Ratio,1,2.9,N/A,N/A,N/A
6-7-0-4-0 Protonated,1838593,9182574,N/A,N/A,N/A
6-7-0-4-0 Protonated Ratio,1,4.99,N/A,N/A,N/A
6-7-0-4-0 All Adducts,2192706.78,11316915,N/A,N/A,N/A
6-7-0-4-0 All Ratio,1,5.16,N/A,N/A,N/A
6-7-1-0-0 Protonated,144356,928254.6,N/A,N/A,N/A
6-7-1-0-0 Protonated Ratio,1,6.43,N/A,N/A,N/A
6-7-1-0-0 All Adducts,222572.95,1495826.44,N/A,N/A,N/A
6-7-1-0-0 All Ratio,1,6.72,N/A,N/A,N/A
6-7-1-1-0 Protonated,26565070,27832360,N/A,N/A,N/A
6-7-1-1-0 Protonated Ratio,1,1.05,N/A,N/A,N/A
6-7-1-1-0 All Adducts,41979812,37688118,N/A,N/A,N/A
6-7-1-1-0 All Ratio,1.11,1,N/A,N/A,N/A
6-7-1-2-0 Protonated,2311150,11389820,N/A,N/A,N/A
6-7-1-2-0 Protonated Ratio,1,4.93,N/A,N/A,N/A
6-7-1-2-0 All Adducts,2311149.5,11389819,N/A,N/A,N/A
6-7-1-2-0 All Ratio,1,4.93,N/A,N/A,N/A
6-7-1-3-0 Protonated,48271.02,211897.4,N/A,N/A,N/A
6-7-1-3-0 Protonated Ratio,1,4.39,N/A,N/A,N/A
6-7-1-3-0 All Adducts,48271.02,211897.38,N/A,N/A,N/A
6-7-1-3-0 All Ratio,1,4.39,N/A,N/A,N/A
6-7-1-4-0 Protonated,7651374,15463340,N/A,N/A,N/A
6-7-1-4-0 Protonated Ratio,1,2.02,N/A,N/A,N/A
6-7-1-4-0 All Adducts,10330637.75,15463337,N/A,N/A,N/A
6-7-1-4-0 All Ratio,1,1.5,N/A,N/A,N/A
6-7-2-3-0 Protonated,5095482,9531561,N/A,N/A,N/A
6-7-2-3-0 Protonated Ratio,1,1.87,N/A,N/A,N/A
6-7-2-3-0 All Adducts,6679312,9531561,N/A,N/A,N/A
6-7-2-3-0 All Ratio,1,1.43,N/A,N/A,N/A
6-7-2-4-0 Protonated,21754580,151476800,N/A,N/A,N/A
6-7-2-4-0 Protonated Ratio,1,6.96,N/A,N/A,N/A
6-7-2-4-0 All Adducts,27055961,151476800,N/A,N/A,N/A
6-7-2-4-0 All Ratio,1,5.6,N/A,N/A,N/A
6-7-3-2-0 Protonated,14387970,75828950,N/A,N/A,N/A
6-7-3-2-0 Protonated Ratio,1,5.27,N/A,N/A,N/A
6-7-3-2-0 All Adducts,20072236.5,75828952,N/A,N/A,N/A
6-7-3-2-0 All Ratio,1,3.78,N/A,N/A,N/A
6-7-3-3-0 Protonated,2246497,8982671,N/A,N/A,N/A
6-7-3-3-0 Protonated Ratio,1,4,N/A,N/A,N/A
6-7-3-3-0 All Adducts,4986890.31,8982671,N/A,N/A,N/A
6-7-3-3-0 All Ratio,1,1.8,N/A,N/A,N/A
6-7-3-4-0 Protonated,32660.5,155645.2,N/A,N/A,N/A
6-7-3-4-0 Protonated Ratio,1,4.77,N/A,N/A,N/A
6-7-3-4-0 All Adducts,32660.5,198260.16,N/A,N/A,N/A
6-7-3-4-0 All Ratio,1,6.07,N/A,N/A,N/A
6-8-0-0-0 Protonated,35860.98,184245.7,N/A,N/A,N/A
6-8-0-0-0 Protonated Ratio,1,5.14,N/A,N/A,N/A
6-8-0-0-0 All Adducts,35860.98,184245.66,N/A,N/A,N/A
6-8-0-0-0 All Ratio,1,5.14,N/A,N/A,N/A
6-8-0-1-0 Protonated,99199.87,322137.1,N/A,N/A,N/A
6-8-0-1-0 Protonated Ratio,1,3.25,N/A,N/A,N/A
6-8-0-1-0 All Adducts,99199.87,322137.13,N/A,N/A,N/A
6-8-0-1-0 All Ratio,1,3.25,N/A,N/A,N/A
6-8-0-2-0 Protonated,4603555,25091850,N/A,N/A,N/A
6-8-0-2-0 Protonated Ratio,1,5.45,N/A,N/A,N/A
6-8-0-2-0 All Adducts,4603555,25091848,N/A,N/A,N/A
6-8-0-2-0 All Ratio,1,5.45,N/A,N/A,N/A
6-8-1-0-0 Protonated,754482,1175985,N/A,N/A,N/A
6-8-1-0-0 Protonated Ratio,1,1.56,N/A,N/A,N/A
6-8-1-0-0 All Adducts,754482,6753332,N/A,N/A,N/A
6-8-1-0-0 All Ratio,1,8.95,N/A,N/A,N/A
6-8-1-1-0 Protonated,2727337,367922.7,N/A,N/A,N/A
6-8-1-1-0 Protonated Ratio,7.41,1,N/A,N/A,N/A
6-8-1-1-0 All Adducts,2727336.5,508685.19,N/A,N/A,N/A
6-8-1-1-0 All Ratio,5.36,1,N/A,N/A,N/A
6-8-1-2-0 Protonated,3907502,194449.4,N/A,N/A,N/A
6-8-1-2-0 Protonated Ratio,20.1,1,N/A,N/A,N/A
6-8-1-2-0 All Adducts,3907502,265519.1,N/A,N/A,N/A
6-8-1-2-0 All Ratio,14.72,1,N/A,N/A,N/A
6-8-4-3-0 Protonated,12354.75,44725.19,N/A,N/A,N/A
6-8-4-3-0 Protonated Ratio,1,3.62,N/A,N/A,N/A
6-8-4-3-0 All Adducts,12354.75,44725.19,N/A,N/A,N/A
6-8-4-3-0 All Ratio,1,3.62,N/A,N/A,N/A
6-9-0-0-0 Protonated,424729.1,906274.8,N/A,N/A,N/A
6-9-0-0-0 Protonated Ratio,1,2.13,N/A,N/A,N/A
6-9-0-0-0 All Adducts,424729.09,1018121.58,N/A,N/A,N/A
6-9-0-0-0 All Ratio,1,2.4,N/A,N/A,N/A
6-9-0-1-0 Protonated,325700.2,696357.8,N/A,N/A,N/A
6-9-0-1-0 Protonated Ratio,1,2.14,N/A,N/A,N/A
6-9-0-1-0 All Adducts,644201.7,1008621.78,N/A,N/A,N/A
6-9-0-1-0 All Ratio,1,1.57,N/A,N/A,N/A
6-9-0-2-0 Protonated,10348890,6001237,N/A,N/A,N/A
6-9-0-2-0 Protonated Ratio,1.72,1,N/A,N/A,N/A
6-9-0-2-0 All Adducts,10348890,6001237,N/A,N/A,N/A
6-9-0-2-0 All Ratio,1.72,1,N/A,N/A,N/A
6-9-1-0-0 Protonated,63437.7,189375.8,N/A,N/A,N/A
6-9-1-0-0 Protonated Ratio,1,2.99,N/A,N/A,N/A
6-9-1-0-0 All Adducts,63437.7,189375.8,N/A,N/A,N/A
6-9-1-0-0 All Ratio,1,2.99,N/A,N/A,N/A
6-9-1-1-0 Protonated,642891.5,322615.6,N/A,N/A,N/A
6-9-1-1-0 Protonated Ratio,1.99,1,N/A,N/A,N/A
6-9-1-1-0 All Adducts,642891.5,322615.56,N/A,N/A,N/A
6-9-1-1-0 All Ratio,1.99,1,N/A,N/A,N/A
6-9-1-2-0 Protonated,1103190,8579236,N/A,N/A,N/A
6-9-1-2-0 Protonated Ratio,1,7.78,N/A,N/A,N/A
6-9-1-2-0 All Adducts,1103190.25,8579236,N/A,N/A,N/A
6-9-1-2-0 All Ratio,1,7.78,N/A,N/A,N/A
6-9-2-1-0 Protonated,84392.79,199350.7,N/A,N/A,N/A
6-9-2-1-0 Protonated Ratio,1,2.36,N/A,N/A,N/A
6-9-2-1-0 All Adducts,440776.15,674993.77,N/A,N/A,N/A
6-9-2-1-0 All Ratio,1,1.53,N/A,N/A,N/A
7-3-0-0-0 Protonated,5688.56,9759.59,N/A,N/A,N/A
7-3-0-0-0 Protonated Ratio,1,1.72,N/A,N/A,N/A
7-3-0-0-0 All Adducts,5688.56,9759.59,N/A,N/A,N/A
7-3-0-0-0 All Ratio,1,1.72,N/A,N/A,N/A
7-3-1-0-0 Protonated,6028240,7621936,N/A,N/A,N/A
7-3-1-0-0 Protonated Ratio,1,1.26,N/A,N/A,N/A
7-3-1-0-0 All Adducts,10815749.5,20583782.5,N/A,N/A,N/A
7-3-1-0-0 All Ratio,1,1.9,N/A,N/A,N/A
7-4-0-0-0 Protonated,4469.02,5425.55,N/A,N/A,N/A
7-4-0-0-0 Protonated Ratio,1,1.21,N/A,N/A,N/A
7-4-0-0-0 All Adducts,4469.02,7876.55,N/A,N/A,N/A
7-4-0-0-0 All Ratio,1,1.76,N/A,N/A,N/A
7-4-0-1-0 Protonated,106727.4,318669,N/A,N/A,N/A
7-4-0-1-0 Protonated Ratio,1,2.99,N/A,N/A,N/A
7-4-0-1-0 All Adducts,196251.83,1085777.41,N/A,N/A,N/A
7-4-0-1-0 All Ratio,1,5.53,N/A,N/A,N/A
7-4-1-0-0 Protonated,1211185,26841.05,N/A,N/A,N/A
7-4-1-0-0 Protonated Ratio,45.12,1,N/A,N/A,N/A
7-4-1-0-0 All Adducts,1211184.88,33705.7,N/A,N/A,N/A
7-4-1-0-0 All Ratio,35.93,1,N/A,N/A,N/A
7-4-1-1-0 Protonated,50202520,17516010,N/A,N/A,N/A
7-4-1-1-0 Protonated Ratio,2.87,1,N/A,N/A,N/A
7-4-1-1-0 All Adducts,50202520,17516012,N/A,N/A,N/A
7-4-1-1-0 All Ratio,2.87,1,N/A,N/A,N/A
7-5-0-0-0 Protonated,15337.81,949164.9,N/A,N/A,N/A
7-5-0-0-0 Protonated Ratio,1,61.88,N/A,N/A,N/A
7-5-0-0-0 All Adducts,76540.65,949164.88,N/A,N/A,N/A
7-5-0-0-0 All Ratio,1,12.4,N/A,N/A,N/A
7-5-0-1-0 Protonated,62260.27,84781.03,N/A,N/A,N/A
7-5-0-1-0 Protonated Ratio,1,1.36,N/A,N/A,N/A
7-5-0-1-0 All Adducts,62260.27,84781.03,N/A,N/A,N/A
7-5-0-1-0 All Ratio,1,1.36,N/A,N/A,N/A
7-5-0-2-0 Protonated,3368658,665442.6,N/A,N/A,N/A
7-5-0-2-0 Protonated Ratio,5.06,1,N/A,N/A,N/A
7-5-0-2-0 All Adducts,3368658,772286.06,N/A,N/A,N/A
7-5-0-2-0 All Ratio,4.36,1,N/A,N/A,N/A
7-5-1-0-0 Protonated,463039.2,663396.3,N/A,N/A,N/A
7-5-1-0-0 Protonated Ratio,1,1.43,N/A,N/A,N/A
7-5-1-0-0 All Adducts,463039.19,4233530.44,N/A,N/A,N/A
7-5-1-0-0 All Ratio,1,9.14,N/A,N/A,N/A
7-5-1-1-0 Protonated,3168635,12151730,N/A,N/A,N/A
7-5-1-1-0 Protonated Ratio,1,3.84,N/A,N/A,N/A
7-5-1-1-0 All Adducts,3168635,12151733,N/A,N/A,N/A
7-5-1-1-0 All Ratio,1,3.84,N/A,N/A,N/A
7-5-1-2-0 Protonated,21187820,37292960,N/A,N/A,N/A
7-5-1-2-0 Protonated Ratio,1,1.76,N/A,N/A,N/A
7-5-1-2-0 All Adducts,30615826,44345150,N/A,N/A,N/A
7-5-1-2-0 All Ratio,1,1.45,N/A,N/A,N/A
7-6-0-0-0 Protonated,26207.67,159394.5,N/A,N/A,N/A
7-6-0-0-0 Protonated Ratio,1,6.08,N/A,N/A,N/A
7-6-0-0-0 All Adducts,76895.37,159394.55,N/A,N/A,N/A
7-6-0-0-0 All Ratio,1,2.07,N/A,N/A,N/A
7-6-0-1-0 Protonated,68496.7,68080.1,N/A,N/A,N/A
7-6-0-1-0 Protonated Ratio,1.01,1,N/A,N/A,N/A
7-6-0-1-0 All Adducts,68496.7,104148.72,N/A,N/A,N/A
7-6-0-1-0 All Ratio,1,1.52,N/A,N/A,N/A
7-6-0-2-0 Protonated,86799.77,243860,N/A,N/A,N/A
7-6-0-2-0 Protonated Ratio,1,2.81,N/A,N/A,N/A
7-6-0-2-0 All Adducts,86799.77,283447.4,N/A,N/A,N/A
7-6-0-2-0 All Ratio,1,3.27,N/A,N/A,N/A
7-6-0-3-0 Protonated,769349.8,3484173,N/A,N/A,N/A
7-6-0-3-0 Protonated Ratio,1,4.53,N/A,N/A,N/A
7-6-0-3-0 All Adducts,1436640.91,3484172.5,N/A,N/A,N/A
7-6-0-3-0 All Ratio,1,2.43,N/A,N/A,N/A
7-6-1-0-0 Protonated,78974.9,690920.5,N/A,N/A,N/A
7-6-1-0-0 Protonated Ratio,1,8.75,N/A,N/A,N/A
7-6-1-0-0 All Adducts,124742.54,690920.5,N/A,N/A,N/A
7-6-1-0-0 All Ratio,1,5.54,N/A,N/A,N/A
7-6-1-1-0 Protonated,518536.5,1519409,N/A,N/A,N/A
7-6-1-1-0 Protonated Ratio,1,2.93,N/A,N/A,N/A
7-6-1-1-0 All Adducts,518536.5,1519409.38,N/A,N/A,N/A
7-6-1-1-0 All Ratio,1,2.93,N/A,N/A,N/A
7-6-1-2-0 Protonated,75686.63,671252.9,N/A,N/A,N/A
7-6-1-2-0 Protonated Ratio,1,8.87,N/A,N/A,N/A
7-6-1-2-0 All Adducts,75686.63,755041.34,N/A,N/A,N/A
7-6-1-2-0 All Ratio,1,9.98,N/A,N/A,N/A
7-6-1-3-0 Protonated,211464.6,1366848,N/A,N/A,N/A
7-6-1-3-0 Protonated Ratio,1,6.46,N/A,N/A,N/A
7-6-1-3-0 All Adducts,356368.11,4628301.28,N/A,N/A,N/A
7-6-1-3-0 All Ratio,1,12.99,N/A,N/A,N/A
7-7-0-0-0 Protonated,112824.3,242544.5,N/A,N/A,N/A
7-7-0-0-0 Protonated Ratio,1,2.15,N/A,N/A,N/A
7-7-0-0-0 All Adducts,112824.31,5759519.6,N/A,N/A,N/A
7-7-0-0-0 All Ratio,1,51.05,N/A,N/A,N/A
7-7-0-1-0 Protonated,17305.49,97434.22,N/A,N/A,N/A
7-7-0-1-0 Protonated Ratio,1,5.63,N/A,N/A,N/A
7-7-0-1-0 All Adducts,17305.49,97434.22,N/A,N/A,N/A
7-7-0-1-0 All Ratio,1,5.63,N/A,N/A,N/A
7-7-0-2-0 Protonated,756132.8,4253647,N/A,N/A,N/A
7-7-0-2-0 Protonated Ratio,1,5.63,N/A,N/A,N/A
7-7-0-2-0 All Adducts,832589.01,4253647,N/A,N/A,N/A
7-7-0-2-0 All Ratio,1,5.11,N/A,N/A,N/A
7-7-0-3-0 Protonated,322378.4,964292,N/A,N/A,N/A
7-7-0-3-0 Protonated Ratio,1,2.99,N/A,N/A,N/A
7-7-0-3-0 All Adducts,322378.44,1072937.5,N/A,N/A,N/A
7-7-0-3-0 All Ratio,1,3.33,N/A,N/A,N/A
7-7-0-4-0 Protonated,5897.54,9939.59,N/A,N/A,N/A
7-7-0-4-0 Protonated Ratio,1,1.69,N/A,N/A,N/A
7-7-0-4-0 All Adducts,5897.54,47257.33,N/A,N/A,N/A
7-7-0-4-0 All Ratio,1,8.01,N/A,N/A,N/A
7-7-1-0-0 Protonated,106804,418175.7,N/A,N/A,N/A
7-7-1-0-0 Protonated Ratio,1,3.92,N/A,N/A,N/A
7-7-1-0-0 All Adducts,287063.81,418175.69,N/A,N/A,N/A
7-7-1-0-0 All Ratio,1,1.46,N/A,N/A,N/A
7-7-1-1-0 Protonated,271629.3,3909699,N/A,N/A,N/A
7-7-1-1-0 Protonated Ratio,1,14.39,N/A,N/A,N/A
7-7-1-1-0 All Adducts,271629.31,3909699,N/A,N/A,N/A
7-7-1-1-0 All Ratio,1,14.39,N/A,N/A,N/A
7-7-1-2-0 Protonated,7215.6,33549.84,N/A,N/A,N/A
7-7-1-2-0 Protonated Ratio,1,4.65,N/A,N/A,N/A
7-7-1-2-0 All Adducts,7215.6,33549.84,N/A,N/A,N/A
7-7-1-2-0 All Ratio,1,4.65,N/A,N/A,N/A
7-7-1-3-0 Protonated,302677.7,777226.6,N/A,N/A,N/A
7-7-1-3-0 Protonated Ratio,1,2.57,N/A,N/A,N/A
7-7-1-3-0 All Adducts,302677.66,777226.63,N/A,N/A,N/A
7-7-1-3-0 All Ratio,1,2.57,N/A,N/A,N/A
7-7-1-4-0 Protonated,38530.36,201748.3,N/A,N/A,N/A
7-7-1-4-0 Protonated Ratio,1,5.24,N/A,N/A,N/A
7-7-1-4-0 All Adducts,253329.01,1836563.31,N/A,N/A,N/A
7-7-1-4-0 All Ratio,1,7.25,N/A,N/A,N/A
7-8-0-0-0 Protonated,154861.9,41587.28,N/A,N/A,N/A
7-8-0-0-0 Protonated Ratio,3.72,1,N/A,N/A,N/A
7-8-0-0-0 All Adducts,804321.8,41587.28,N/A,N/A,N/A
7-8-0-0-0 All Ratio,19.34,1,N/A,N/A,N/A
7-8-0-1-0 Protonated,19644100,2046789,N/A,N/A,N/A
7-8-0-1-0 Protonated Ratio,9.6,1,N/A,N/A,N/A
7-8-0-1-0 All Adducts,19644100,2046789,N/A,N/A,N/A
7-8-0-1-0 All Ratio,9.6,1,N/A,N/A,N/A
7-8-0-2-0 Protonated,209406.7,309090.4,N/A,N/A,N/A
7-8-0-2-0 Protonated Ratio,1,1.48,N/A,N/A,N/A
7-8-0-2-0 All Adducts,1528682.08,2474212.56,N/A,N/A,N/A
7-8-0-2-0 All Ratio,1,1.62,N/A,N/A,N/A
7-8-0-3-0 Protonated,1069307,5698581,N/A,N/A,N/A
7-8-0-3-0 Protonated Ratio,1,5.33,N/A,N/A,N/A
7-8-0-3-0 All Adducts,1422765.06,7151196.88,N/A,N/A,N/A
7-8-0-3-0 All Ratio,1,5.03,N/A,N/A,N/A
7-8-0-4-0 Protonated,5681.11,10103.78,N/A,N/A,N/A
7-8-0-4-0 Protonated Ratio,1,1.78,N/A,N/A,N/A
7-8-0-4-0 All Adducts,5681.11,10103.78,N/A,N/A,N/A
7-8-0-4-0 All Ratio,1,1.78,N/A,N/A,N/A
7-8-1-0-0 Protonated,19255.59,86940.93,N/A,N/A,N/A
7-8-1-0-0 Protonated Ratio,1,4.52,N/A,N/A,N/A
7-8-1-0-0 All Adducts,19255.59,314458.82,N/A,N/A,N/A
7-8-1-0-0 All Ratio,1,16.33,N/A,N/A,N/A
7-8-1-1-0 Protonated,363945.7,1422039,N/A,N/A,N/A
7-8-1-1-0 Protonated Ratio,1,3.91,N/A,N/A,N/A
7-8-1-1-0 All Adducts,363945.69,1422039,N/A,N/A,N/A
7-8-1-1-0 All Ratio,1,3.91,N/A,N/A,N/A
7-8-1-2-0 Protonated,79357.52,276338,N/A,N/A,N/A
7-8-1-2-0 Protonated Ratio,1,3.48,N/A,N/A,N/A
7-8-1-2-0 All Adducts,126114.11,445596.09,N/A,N/A,N/A
7-8-1-2-0 All Ratio,1,3.53,N/A,N/A,N/A
7-8-1-3-0 Protonated,5134.54,46702.5,N/A,N/A,N/A
7-8-1-3-0 Protonated Ratio,1,9.1,N/A,N/A,N/A
7-8-1-3-0 All Adducts,5134.54,122701.44,N/A,N/A,N/A
7-8-1-3-0 All Ratio,1,23.9,N/A,N/A,N/A
7-8-1-4-0 Protonated,77816.41,248011.4,N/A,N/A,N/A
7-8-1-4-0 Protonated Ratio,1,3.19,N/A,N/A,N/A
7-8-1-4-0 All Adducts,165944.69,1167994.9,N/A,N/A,N/A
7-8-1-4-0 All Ratio,1,7.04,N/A,N/A,N/A
7-9-0-0-0 Protonated,15270.42,29857.81,N/A,N/A,N/A
7-9-0-0-0 Protonated Ratio,1,1.96,N/A,N/A,N/A
7-9-0-0-0 All Adducts,15270.42,29857.81,N/A,N/A,N/A
7-9-0-0-0 All Ratio,1,1.96,N/A,N/A,N/A
7-9-0-1-0 Protonated,43691.98,28138.14,N/A,N/A,N/A
7-9-0-1-0 Protonated Ratio,1.55,1,N/A,N/A,N/A
7-9-0-1-0 All Adducts,43691.98,28138.14,N/A,N/A,N/A
7-9-0-1-0 All Ratio,1.55,1,N/A,N/A,N/A
7-9-0-2-0 Protonated,1195197,4666835,N/A,N/A,N/A
7-9-0-2-0 Protonated Ratio,1,3.9,N/A,N/A,N/A
7-9-0-2-0 All Adducts,1195196.75,4666835,N/A,N/A,N/A
7-9-0-2-0 All Ratio,1,3.9,N/A,N/A,N/A
7-9-1-0-0 Protonated,32069.87,15745.87,N/A,N/A,N/A
7-9-1-0-0 Protonated Ratio,2.04,1,N/A,N/A,N/A
7-9-1-0-0 All Adducts,32069.87,15745.87,N/A,N/A,N/A
7-9-1-0-0 All Ratio,2.04,1,N/A,N/A,N/A
7-9-1-1-0 Protonated,79487.58,121342,N/A,N/A,N/A
7-9-1-1-0 Protonated Ratio,1,1.53,N/A,N/A,N/A
7-9-1-1-0 All Adducts,79487.58,121342,N/A,N/A,N/A
7-9-1-1-0 All Ratio,1,1.53,N/A,N/A,N/A
7-9-1-2-0 Protonated,6760.56,71881.27,N/A,N/A,N/A
7-9-1-2-0 Protonated Ratio,1,10.63,N/A,N/A,N/A
7-9-1-2-0 All Adducts,34012.44,335314.08,N/A,N/A,N/A
7-9-1-2-0 All Ratio,1,9.86,N/A,N/A,N/A
8-4-0-0-0 Protonated,2205386,132798.2,N/A,N/A,N/A
8-4-0-0-0 Protonated Ratio,16.61,1,N/A,N/A,N/A
8-4-0-0-0 All Adducts,2205385.5,217631.31,N/A,N/A,N/A
8-4-0-0-0 All Ratio,10.13,1,N/A,N/A,N/A
8-4-1-0-0 Protonated,10268280,20126500,N/A,N/A,N/A
8-4-1-0-0 Protonated Ratio,1,1.96,N/A,N/A,N/A
8-4-1-0-0 All Adducts,10268281,28917447,N/A,N/A,N/A
8-4-1-0-0 All Ratio,1,2.82,N/A,N/A,N/A
8-5-0-0-0 Protonated,5333747,12229270,N/A,N/A,N/A
8-5-0-0-0 Protonated Ratio,1,2.29,N/A,N/A,N/A
8-5-0-0-0 All Adducts,5333747,12229265,N/A,N/A,N/A
8-5-0-0-0 All Ratio,1,2.29,N/A,N/A,N/A
8-5-0-1-0 Protonated,6427.47,6167.46,N/A,N/A,N/A
8-5-0-1-0 Protonated Ratio,1.04,1,N/A,N/A,N/A
8-5-0-1-0 All Adducts,6427.47,6167.46,N/A,N/A,N/A
8-5-0-1-0 All Ratio,1.04,1,N/A,N/A,N/A
8-5-1-0-0 Protonated,450376.2,4104036,N/A,N/A,N/A
8-5-1-0-0 Protonated Ratio,1,9.11,N/A,N/A,N/A
8-5-1-0-0 All Adducts,508806.99,4104035.5,N/A,N/A,N/A
8-5-1-0-0 All Ratio,1,8.07,N/A,N/A,N/A
8-5-1-1-0 Protonated,4639.32,6631.46,N/A,N/A,N/A
8-5-1-1-0 Protonated Ratio,1,1.43,N/A,N/A,N/A
8-5-1-1-0 All Adducts,14201.5,6631.46,N/A,N/A,N/A
8-5-1-1-0 All Ratio,2.14,1,N/A,N/A,N/A
8-6-0-0-0 Protonated,10383820,23831890,N/A,N/A,N/A
8-6-0-0-0 Protonated Ratio,1,2.3,N/A,N/A,N/A
8-6-0-0-0 All Adducts,10383816,26470851.25,N/A,N/A,N/A
8-6-0-0-0 All Ratio,1,2.55,N/A,N/A,N/A
8-6-0-1-0 Protonated,53636.68,122429.6,N/A,N/A,N/A
8-6-0-1-0 Protonated Ratio,1,2.28,N/A,N/A,N/A
8-6-0-1-0 All Adducts,130557.21,384564.12,N/A,N/A,N/A
8-6-0-1-0 All Ratio,1,2.95,N/A,N/A,N/A
8-6-0-2-0 Protonated,3083533,12228000,N/A,N/A,N/A
8-6-0-2-0 Protonated Ratio,1,3.97,N/A,N/A,N/A
8-6-0-2-0 All Adducts,3083533,12228000,N/A,N/A,N/A
8-6-0-2-0 All Ratio,1,3.97,N/A,N/A,N/A
8-6-1-0-0 Protonated,2898813,4001204,N/A,N/A,N/A
8-6-1-0-0 Protonated Ratio,1,1.38,N/A,N/A,N/A
8-6-1-0-0 All Adducts,2898813,4001204,N/A,N/A,N/A
8-6-1-0-0 All Ratio,1,1.38,N/A,N/A,N/A
8-6-1-1-0 Protonated,15803.03,71271.88,N/A,N/A,N/A
8-6-1-1-0 Protonated Ratio,1,4.51,N/A,N/A,N/A
8-6-1-1-0 All Adducts,24815.64,113041.34,N/A,N/A,N/A
8-6-1-1-0 All Ratio,1,4.56,N/A,N/A,N/A
8-6-1-2-0 Protonated,5785.25,46388.14,N/A,N/A,N/A
8-6-1-2-0 Protonated Ratio,1,8.02,N/A,N/A,N/A
8-6-1-2-0 All Adducts,5785.25,46388.14,N/A,N/A,N/A
8-6-1-2-0 All Ratio,1,8.02,N/A,N/A,N/A
8-7-0-0-0 Protonated,35550420,24813850,N/A,N/A,N/A
8-7-0-0-0 Protonated Ratio,1.43,1,N/A,N/A,N/A
8-7-0-0-0 All Adducts,35550416,24813846,N/A,N/A,N/A
8-7-0-0-0 All Ratio,1.43,1,N/A,N/A,N/A
8-7-0-1-0 Protonated,13773.09,46529.38,N/A,N/A,N/A
8-7-0-1-0 Protonated Ratio,1,3.38,N/A,N/A,N/A
8-7-0-1-0 All Adducts,13773.09,46529.38,N/A,N/A,N/A
8-7-0-1-0 All Ratio,1,3.38,N/A,N/A,N/A
8-7-0-2-0 Protonated,5386493,4128975,N/A,N/A,N/A
8-7-0-2-0 Protonated Ratio,1.3,1,N/A,N/A,N/A
8-7-0-2-0 All Adducts,6108985.31,4128975,N/A,N/A,N/A
8-7-0-2-0 All Ratio,1.48,1,N/A,N/A,N/A
8-7-0-3-0 Protonated,94054.11,162959.1,N/A,N/A,N/A
8-7-0-3-0 Protonated Ratio,1,1.73,N/A,N/A,N/A
8-7-0-3-0 All Adducts,107666.44,162959.09,N/A,N/A,N/A
8-7-0-3-0 All Ratio,1,1.51,N/A,N/A,N/A
8-7-1-0-0 Protonated,1586951,1779794,N/A,N/A,N/A
8-7-1-0-0 Protonated Ratio,1,1.12,N/A,N/A,N/A
8-7-1-0-0 All Adducts,1586950.5,1779793.63,N/A,N/A,N/A
8-7-1-0-0 All Ratio,1,1.12,N/A,N/A,N/A
8-7-1-1-0 Protonated,71020.3,214858.6,N/A,N/A,N/A
8-7-1-1-0 Protonated Ratio,1,3.03,N/A,N/A,N/A
8-7-1-1-0 All Adducts,71020.3,214858.59,N/A,N/A,N/A
8-7-1-1-0 All Ratio,1,3.03,N/A,N/A,N/A
8-7-1-2-0 Protonated,5910737,53059730,N/A,N/A,N/A
8-7-1-2-0 Protonated Ratio,1,8.98,N/A,N/A,N/A
8-7-1-2-0 All Adducts,11470141,79159394,N/A,N/A,N/A
8-7-1-2-0 All Ratio,1,6.9,N/A,N/A,N/A
8-7-1-3-0 Protonated,6805.68,24751.59,N/A,N/A,N/A
8-7-1-3-0 Protonated Ratio,1,3.64,N/A,N/A,N/A
8-7-1-3-0 All Adducts,6805.68,34752.26,N/A,N/A,N/A
8-7-1-3-0 All Ratio,1,5.11,N/A,N/A,N/A
8-8-0-0-0 Protonated,106486,81813.99,N/A,N/A,N/A
8-8-0-0-0 Protonated Ratio,1.3,1,N/A,N/A,N/A
8-8-0-0-0 All Adducts,106486.02,81813.99,N/A,N/A,N/A
8-8-0-0-0 All Ratio,1.3,1,N/A,N/A,N/A
8-8-0-1-0 Protonated,449092.5,1912512,N/A,N/A,N/A
8-8-0-1-0 Protonated Ratio,1,4.26,N/A,N/A,N/A
8-8-0-1-0 All Adducts,449092.5,1912512,N/A,N/A,N/A
8-8-0-1-0 All Ratio,1,4.26,N/A,N/A,N/A
8-8-0-2-0 Protonated,169974700,326450900,N/A,N/A,N/A
8-8-0-2-0 Protonated Ratio,1,1.92,N/A,N/A,N/A
8-8-0-2-0 All Adducts,169974704,326450944,N/A,N/A,N/A
8-8-0-2-0 All Ratio,1,1.92,N/A,N/A,N/A
8-8-0-3-0 Protonated,7987.69,21106.23,N/A,N/A,N/A
8-8-0-3-0 Protonated Ratio,1,2.64,N/A,N/A,N/A
8-8-0-3-0 All Adducts,7987.69,21106.23,N/A,N/A,N/A
8-8-0-3-0 All Ratio,1,2.64,N/A,N/A,N/A
8-8-0-4-0 Protonated,145121.5,286308,N/A,N/A,N/A
8-8-0-4-0 Protonated Ratio,1,1.97,N/A,N/A,N/A
8-8-0-4-0 All Adducts,170232.37,1005932.93,N/A,N/A,N/A
8-8-0-4-0 All Ratio,1,5.91,N/A,N/A,N/A
8-8-1-0-0 Protonated,8252591,43990600,N/A,N/A,N/A
8-8-1-0-0 Protonated Ratio,1,5.33,N/A,N/A,N/A
8-8-1-0-0 All Adducts,9167496.75,43990604,N/A,N/A,N/A
8-8-1-0-0 All Ratio,1,4.8,N/A,N/A,N/A
8-8-1-1-0 Protonated,20615.37,42755.55,N/A,N/A,N/A
8-8-1-1-0 Protonated Ratio,1,2.07,N/A,N/A,N/A
8-8-1-1-0 All Adducts,24118.91,42755.55,N/A,N/A,N/A
8-8-1-1-0 All Ratio,1,1.77,N/A,N/A,N/A
8-8-1-2-0 Protonated,135966.7,476079.4,N/A,N/A,N/A
8-8-1-2-0 Protonated Ratio,1,3.5,N/A,N/A,N/A
8-8-1-2-0 All Adducts,135966.7,476079.41,N/A,N/A,N/A
8-8-1-2-0 All Ratio,1,3.5,N/A,N/A,N/A
8-8-1-3-0 Protonated,143405,314432.6,N/A,N/A,N/A
8-8-1-3-0 Protonated Ratio,1,2.19,N/A,N/A,N/A
8-8-1-3-0 All Adducts,527537,1022665.1,N/A,N/A,N/A
8-8-1-3-0 All Ratio,1,1.94,N/A,N/A,N/A
8-8-1-4-0 Protonated,4870.68,7597.83,N/A,N/A,N/A
8-8-1-4-0 Protonated Ratio,1,1.56,N/A,N/A,N/A
8-8-1-4-0 All Adducts,4870.68,7597.83,N/A,N/A,N/A
8-8-1-4-0 All Ratio,1,1.56,N/A,N/A,N/A
8-9-0-0-0 Protonated,1230118,6559272,N/A,N/A,N/A
8-9-0-0-0 Protonated Ratio,1,5.33,N/A,N/A,N/A
8-9-0-0-0 All Adducts,1230117.75,6559271.5,N/A,N/A,N/A
8-9-0-0-0 All Ratio,1,5.33,N/A,N/A,N/A
8-9-0-1-0 Protonated,153481.8,241356.2,N/A,N/A,N/A
8-9-0-1-0 Protonated Ratio,1,1.57,N/A,N/A,N/A
8-9-0-1-0 All Adducts,541028.16,515059.77,N/A,N/A,N/A
8-9-0-1-0 All Ratio,1.05,1,N/A,N/A,N/A
8-9-0-2-0 Protonated,1596992,7826085,N/A,N/A,N/A
8-9-0-2-0 Protonated Ratio,1,4.9,N/A,N/A,N/A
8-9-0-2-0 All Adducts,1596991.88,7826085,N/A,N/A,N/A
8-9-0-2-0 All Ratio,1,4.9,N/A,N/A,N/A
8-9-0-3-0 Protonated,61386.84,139563.2,N/A,N/A,N/A
8-9-0-3-0 Protonated Ratio,1,2.27,N/A,N/A,N/A
8-9-0-3-0 All Adducts,112762.84,187811.83,N/A,N/A,N/A
8-9-0-3-0 All Ratio,1,1.67,N/A,N/A,N/A
8-9-0-4-0 Protonated,388284.6,228852.7,N/A,N/A,N/A
8-9-0-4-0 Protonated Ratio,1.7,1,N/A,N/A,N/A
8-9-0-4-0 All Adducts,1234595.41,1892504.41,N/A,N/A,N/A
8-9-0-4-0 All Ratio,1,1.53,N/A,N/A,N/A
8-9-1-0-0 Protonated,683013.8,1848729,N/A,N/A,N/A
8-9-1-0-0 Protonated Ratio,1,2.71,N/A,N/A,N/A
8-9-1-0-0 All Adducts,683013.75,2905722.75,N/A,N/A,N/A
8-9-1-0-0 All Ratio,1,4.25,N/A,N/A,N/A
8-9-1-1-0 Protonated,185508.1,385167.8,N/A,N/A,N/A
8-9-1-1-0 Protonated Ratio,1,2.08,N/A,N/A,N/A
8-9-1-1-0 All Adducts,262341.16,2266381.11,N/A,N/A,N/A
8-9-1-1-0 All Ratio,1,8.64,N/A,N/A,N/A
8-9-1-2-0 Protonated,40198.29,263983.9,N/A,N/A,N/A
8-9-1-2-0 Protonated Ratio,1,6.57,N/A,N/A,N/A
8-9-1-2-0 All Adducts,59639.17,263983.91,N/A,N/A,N/A
8-9-1-2-0 All Ratio,1,4.43,N/A,N/A,N/A
8-9-1-3-0 Protonated,1240611,8767275,N/A,N/A,N/A
8-9-1-3-0 Protonated Ratio,1,7.07,N/A,N/A,N/A
8-9-1-3-0 All Adducts,1240611,8767275,N/A,N/A,N/A
8-9-1-3-0 All Ratio,1,7.07,N/A,N/A,N/A
8-9-1-4-0 Protonated,60109.61,241618.5,N/A,N/A,N/A
8-9-1-4-0 Protonated Ratio,1,4.02,N/A,N/A,N/A
8-9-1-4-0 All Adducts,60109.61,409724.23,N/A,N/A,N/A
8-9-1-4-0 All Ratio,1,6.82,N/A,N/A,N/A
9-5-0-0-0 Protonated,14785.91,45918.47,N/A,N/A,N/A
9-5-0-0-0 Protonated Ratio,1,3.11,N/A,N/A,N/A
9-5-0-0-0 All Adducts,27326.64,147099.87,N/A,N/A,N/A
9-5-0-0-0 All Ratio,1,5.38,N/A,N/A,N/A
9-5-1-0-0 Protonated,55456.86,253685.7,N/A,N/A,N/A
9-5-1-0-0 Protonated Ratio,1,4.57,N/A,N/A,N/A
9-5-1-0-0 All Adducts,219936.72,835001.58,N/A,N/A,N/A
9-5-1-0-0 All Ratio,1,3.8,N/A,N/A,N/A
9-6-0-0-0 Protonated,75597.54,276359.5,N/A,N/A,N/A
9-6-0-0-0 Protonated Ratio,1,3.66,N/A,N/A,N/A
9-6-0-0-0 All Adducts,233591.69,519899.33,N/A,N/A,N/A
9-6-0-0-0 All Ratio,1,2.23,N/A,N/A,N/A
9-6-0-1-0 Protonated,752666.9,1965778,N/A,N/A,N/A
9-6-0-1-0 Protonated Ratio,1,2.61,N/A,N/A,N/A
9-6-0-1-0 All Adducts,929264.44,1965778.38,N/A,N/A,N/A
9-6-0-1-0 All Ratio,1,2.12,N/A,N/A,N/A
9-6-1-0-0 Protonated,18953.87,133024.1,N/A,N/A,N/A
9-6-1-0-0 Protonated Ratio,1,7.02,N/A,N/A,N/A
9-6-1-0-0 All Adducts,18953.87,169653.05,N/A,N/A,N/A
9-6-1-0-0 All Ratio,1,8.95,N/A,N/A,N/A
9-6-1-1-0 Protonated,264602,778415.3,N/A,N/A,N/A
9-6-1-1-0 Protonated Ratio,1,2.94,N/A,N/A,N/A
9-6-1-1-0 All Adducts,264602,778415.31,N/A,N/A,N/A
9-6-1-1-0 All Ratio,1,2.94,N/A,N/A,N/A
9-7-0-0-0 Protonated,47503.48,151401.3,N/A,N/A,N/A
9-7-0-0-0 Protonated Ratio,1,3.19,N/A,N/A,N/A
9-7-0-0-0 All Adducts,70787,247264.95,N/A,N/A,N/A
9-7-0-0-0 All Ratio,1,3.49,N/A,N/A,N/A
9-7-0-1-0 Protonated,272842.8,318853.8,N/A,N/A,N/A
9-7-0-1-0 Protonated Ratio,1,1.17,N/A,N/A,N/A
9-7-0-1-0 All Adducts,272842.81,318853.81,N/A,N/A,N/A
9-7-0-1-0 All Ratio,1,1.17,N/A,N/A,N/A
9-7-0-2-0 Protonated,231635.9,372196.4,N/A,N/A,N/A
9-7-0-2-0 Protonated Ratio,1,1.61,N/A,N/A,N/A
9-7-0-2-0 All Adducts,337187.74,1394124.69,N/A,N/A,N/A
9-7-0-2-0 All Ratio,1,4.13,N/A,N/A,N/A
9-7-1-0-0 Protonated,102822.1,232671.7,N/A,N/A,N/A
9-7-1-0-0 Protonated Ratio,1,2.26,N/A,N/A,N/A
9-7-1-0-0 All Adducts,102822.1,295201.43,N/A,N/A,N/A
9-7-1-0-0 All Ratio,1,2.87,N/A,N/A,N/A
9-7-1-1-0 Protonated,1054577,26416600,N/A,N/A,N/A
9-7-1-1-0 Protonated Ratio,1,25.05,N/A,N/A,N/A
9-7-1-1-0 All Adducts,1054577,26416596,N/A,N/A,N/A
9-7-1-1-0 All Ratio,1,25.05,N/A,N/A,N/A
9-7-1-2-0 Protonated,4526.71,23362.48,N/A,N/A,N/A
9-7-1-2-0 Protonated Ratio,1,5.16,N/A,N/A,N/A
9-7-1-2-0 All Adducts,4526.71,35143.11,N/A,N/A,N/A
9-7-1-2-0 All Ratio,1,7.76,N/A,N/A,N/A
9-8-0-0-0 Protonated,1076522,265453.2,N/A,N/A,N/A
9-8-0-0-0 Protonated Ratio,4.06,1,N/A,N/A,N/A
9-8-0-0-0 All Adducts,1076522.13,707313.65,N/A,N/A,N/A
9-8-0-0-0 All Ratio,1.52,1,N/A,N/A,N/A
9-8-0-1-0 Protonated,181717,1295628,N/A,N/A,N/A
9-8-0-1-0 Protonated Ratio,1,7.13,N/A,N/A,N/A
9-8-0-1-0 All Adducts,181717,1295628,N/A,N/A,N/A
9-8-0-1-0 All Ratio,1,7.13,N/A,N/A,N/A
9-8-0-2-0 Protonated,6696.45,5947.19,N/A,N/A,N/A
9-8-0-2-0 Protonated Ratio,1.13,1,N/A,N/A,N/A
9-8-0-2-0 All Adducts,6696.45,5947.19,N/A,N/A,N/A
9-8-0-2-0 All Ratio,1.13,1,N/A,N/A,N/A
9-8-0-3-0 Protonated,362242.4,24359.38,N/A,N/A,N/A
9-8-0-3-0 Protonated Ratio,14.87,1,N/A,N/A,N/A
9-8-0-3-0 All Adducts,362242.41,24359.38,N/A,N/A,N/A
9-8-0-3-0 All Ratio,14.87,1,N/A,N/A,N/A
9-8-1-0-0 Protonated,657944.9,933859.6,N/A,N/A,N/A
9-8-1-0-0 Protonated Ratio,1,1.42,N/A,N/A,N/A
9-8-1-0-0 All Adducts,898672.02,5111646.16,N/A,N/A,N/A
9-8-1-0-0 All Ratio,1,5.69,N/A,N/A,N/A
9-8-1-1-0 Protonated,1512814,8656150,N/A,N/A,N/A
9-8-1-1-0 Protonated Ratio,1,5.72,N/A,N/A,N/A
9-8-1-1-0 All Adducts,1512813.75,8656150,N/A,N/A,N/A
9-8-1-1-0 All Ratio,1,5.72,N/A,N/A,N/A
9-8-1-2-0 Protonated,56045.92,178887.4,N/A,N/A,N/A
9-8-1-2-0 Protonated Ratio,1,3.19,N/A,N/A,N/A
9-8-1-2-0 All Adducts,56045.92,232367.2,N/A,N/A,N/A
9-8-1-2-0 All Ratio,1,4.15,N/A,N/A,N/A
9-8-1-3-0 Protonated,0,323235.8,N/A,N/A,N/A
9-8-1-3-0 Protonated Ratio,0,1,N/A,N/A,N/A
9-8-1-3-0 All Adducts,0,473901.02,N/A,N/A,N/A
9-8-1-3-0 All Ratio,0,1,N/A,N/A,N/A
9-9-0-0-0 Protonated,118093.4,455124.4,N/A,N/A,N/A
9-9-0-0-0 Protonated Ratio,1,3.85,N/A,N/A,N/A
9-9-0-0-0 All Adducts,4422239.7,4046315.67,N/A,N/A,N/A
9-9-0-0-0 All Ratio,1.09,1,N/A,N/A,N/A
9-9-0-1-0 Protonated,4333779,3584596,N/A,N/A,N/A
9-9-0-1-0 Protonated Ratio,1.21,1,N/A,N/A,N/A
9-9-0-1-0 All Adducts,4333778.5,3584595.5,N/A,N/A,N/A
9-9-0-1-0 All Ratio,1.21,1,N/A,N/A,N/A
9-9-0-2-0 Protonated,55691.3,181495.5,N/A,N/A,N/A
9-9-0-2-0 Protonated Ratio,1,3.26,N/A,N/A,N/A
9-9-0-2-0 All Adducts,55691.3,181495.5,N/A,N/A,N/A
9-9-0-2-0 All Ratio,1,3.26,N/A,N/A,N/A
9-9-0-3-0 Protonated,537232.4,4491384,N/A,N/A,N/A
9-9-0-3-0 Protonated Ratio,1,8.36,N/A,N/A,N/A
9-9-0-3-0 All Adducts,699595.61,10821405,N/A,N/A,N/A
9-9-0-3-0 All Ratio,1,15.47,N/A,N/A,N/A
9-9-0-4-0 Protonated,0,8423.96,N/A,N/A,N/A
9-9-0-4-0 Protonated Ratio,0,1,N/A,N/A,N/A
9-9-0-4-0 All Adducts,0,8423.96,N/A,N/A,N/A
9-9-0-4-0 All Ratio,0,1,N/A,N/A,N/A
9-9-1-0-0 Protonated,36393.43,71033.22,N/A,N/A,N/A
9-9-1-0-0 Protonated Ratio,1,1.95,N/A,N/A,N/A
9-9-1-0-0 All Adducts,130388.94,381692.16,N/A,N/A,N/A
9-9-1-0-0 All Ratio,1,2.93,N/A,N/A,N/A
9-9-1-1-0 Protonated,232153.8,3406106,N/A,N/A,N/A
9-9-1-1-0 Protonated Ratio,1,14.67,N/A,N/A,N/A
9-9-1-1-0 All Adducts,232153.83,5534453.75,N/A,N/A,N/A
9-9-1-1-0 All Ratio,1,23.84,N/A,N/A,N/A
9-9-1-2-0 Protonated,8293.85,27837.95,N/A,N/A,N/A
9-9-1-2-0 Protonated Ratio,1,3.36,N/A,N/A,N/A
9-9-1-2-0 All Adducts,8293.85,70646.97,N/A,N/A,N/A
9-9-1-2-0 All Ratio,1,8.52,N/A,N/A,N/A
9-9-1-3-0 Protonated,734542.3,2216663,N/A,N/A,N/A
9-9-1-3-0 Protonated Ratio,1,3.02,N/A,N/A,N/A
9-9-1-3-0 All Adducts,734542.31,2216663,N/A,N/A,N/A
9-9-1-3-0 All Ratio,1,3.02,N/A,N/A,N/A
9-9-1-4-0 Protonated,0,5581.98,N/A,N/A,N/A
9-9-1-4-0 Protonated Ratio,0,1,N/A,N/A,N/A
9-9-1-4-0 All Adducts,0,5581.98,N/A,N/A,N/A
9-9-1-4-0 All Ratio,0,1,N/A,N/A,N/A
9-10-0-0-0 Protonated,60510.68,80378.44,N/A,N/A,N/A
9-10-0-0-0 Protonated Ratio,1,1.33,N/A,N/A,N/A
9-10-0-0-0 All Adducts,74636.16,102581.97,N/A,N/A,N/A
9-10-0-0-0 All Ratio,1,1.37,N/A,N/A,N/A
9-10-0-1-0 Protonated,222977,100721.8,N/A,N/A,N/A
9-10-0-1-0 Protonated Ratio,2.21,1,N/A,N/A,N/A
9-10-0-1-0 All Adducts,222977,156028.92,N/A,N/A,N/A
9-10-0-1-0 All Ratio,1.43,1,N/A,N/A,N/A
9-10-0-2-0 Protonated,26859.56,84829.95,N/A,N/A,N/A
9-10-0-2-0 Protonated Ratio,1,3.16,N/A,N/A,N/A
9-10-0-2-0 All Adducts,26859.56,329977.12,N/A,N/A,N/A
9-10-0-2-0 All Ratio,1,12.29,N/A,N/A,N/A
9-10-0-3-0 Protonated,150864.5,471140.1,N/A,N/A,N/A
9-10-0-3-0 Protonated Ratio,1,3.12,N/A,N/A,N/A
9-10-0-3-0 All Adducts,150864.5,471140.09,N/A,N/A,N/A
9-10-0-3-0 All Ratio,1,3.12,N/A,N/A,N/A
9-10-0-4-0 Protonated,5911.62,4701.13,N/A,N/A,N/A
9-10-0-4-0 Protonated Ratio,1.26,1,N/A,N/A,N/A
9-10-0-4-0 All Adducts,5911.62,4701.13,N/A,N/A,N/A
9-10-0-4-0 All Ratio,1.26,1,N/A,N/A,N/A
9-10-1-0-0 Protonated,6919.4,23790.76,N/A,N/A,N/A
9-10-1-0-0 Protonated Ratio,1,3.44,N/A,N/A,N/A
9-10-1-0-0 All Adducts,6919.4,37911.08,N/A,N/A,N/A
9-10-1-0-0 All Ratio,1,5.48,N/A,N/A,N/A
9-10-1-1-0 Protonated,861421.4,635322.1,N/A,N/A,N/A
9-10-1-1-0 Protonated Ratio,1.36,1,N/A,N/A,N/A
9-10-1-1-0 All Adducts,861421.38,848483.69,N/A,N/A,N/A
9-10-1-1-0 All Ratio,1.02,1,N/A,N/A,N/A
9-10-1-2-0 Protonated,111459.3,250830.2,N/A,N/A,N/A
9-10-1-2-0 Protonated Ratio,1,2.25,N/A,N/A,N/A
9-10-1-2-0 All Adducts,423652.68,969698.73,N/A,N/A,N/A
9-10-1-2-0 All Ratio,1,2.29,N/A,N/A,N/A
9-10-1-3-0 Protonated,4481.72,28242.5,N/A,N/A,N/A
9-10-1-3-0 Protonated Ratio,1,6.3,N/A,N/A,N/A
9-10-1-3-0 All Adducts,4481.72,28242.5,N/A,N/A,N/A
9-10-1-3-0 All Ratio,1,6.3,N/A,N/A,N/A
9-10-1-4-0 Protonated,62593.45,387632.7,N/A,N/A,N/A
9-10-1-4-0 Protonated Ratio,1,6.19,N/A,N/A,N/A
9-10-1-4-0 All Adducts,62593.45,387632.69,N/A,N/A,N/A
9-10-1-4-0 All Ratio,1,6.19,N/A,N/A,N/A
10-6-0-0-0 Protonated,1223097,3769176,N/A,N/A,N/A
10-6-0-0-0 Protonated Ratio,1,3.08,N/A,N/A,N/A
10-6-0-0-0 All Adducts,1223097.25,3769175.5,N/A,N/A,N/A
10-6-0-0-0 All Ratio,1,3.08,N/A,N/A,N/A
10-6-1-0-0 Protonated,249604,1144531,N/A,N/A,N/A
10-6-1-0-0 Protonated Ratio,1,4.59,N/A,N/A,N/A
10-6-1-0-0 All Adducts,249604,1144531,N/A,N/A,N/A
10-6-1-0-0 All Ratio,1,4.59,N/A,N/A,N/A
10-7-0-0-0 Protonated,2014259,3157480,N/A,N/A,N/A
10-7-0-0-0 Protonated Ratio,1,1.57,N/A,N/A,N/A
10-7-0-0-0 All Adducts,2014259,5477782.5,N/A,N/A,N/A
10-7-0-0-0 All Ratio,1,2.72,N/A,N/A,N/A
10-7-0-1-0 Protonated,5057.85,13606.76,N/A,N/A,N/A
10-7-0-1-0 Protonated Ratio,1,2.69,N/A,N/A,N/A
10-7-0-1-0 All Adducts,5057.85,20051.36,N/A,N/A,N/A
10-7-0-1-0 All Ratio,1,3.96,N/A,N/A,N/A
10-7-1-0-0 Protonated,18404.21,86307.2,N/A,N/A,N/A
10-7-1-0-0 Protonated Ratio,1,4.69,N/A,N/A,N/A
10-7-1-0-0 All Adducts,18404.21,86307.2,N/A,N/A,N/A
10-7-1-0-0 All Ratio,1,4.69,N/A,N/A,N/A
10-7-1-1-0 Protonated,995211.6,5271814,N/A,N/A,N/A
10-7-1-1-0 Protonated Ratio,1,5.3,N/A,N/A,N/A
10-7-1-1-0 All Adducts,1485026.28,6199186,N/A,N/A,N/A
10-7-1-1-0 All Ratio,1,4.17,N/A,N/A,N/A
10-8-0-0-0 Protonated,65354.29,426509.5,N/A,N/A,N/A
10-8-0-0-0 Protonated Ratio,1,6.53,N/A,N/A,N/A
10-8-0-0-0 All Adducts,65354.29,426509.5,N/A,N/A,N/A
10-8-0-0-0 All Ratio,1,6.53,N/A,N/A,N/A
10-8-0-1-0 Protonated,5294147,56064310,N/A,N/A,N/A
10-8-0-1-0 Protonated Ratio,1,10.59,N/A,N/A,N/A
10-8-0-1-0 All Adducts,5294147,56064312,N/A,N/A,N/A
10-8-0-1-0 All Ratio,1,10.59,N/A,N/A,N/A
10-8-0-2-0 Protonated,23868.69,122484.5,N/A,N/A,N/A
10-8-0-2-0 Protonated Ratio,1,5.13,N/A,N/A,N/A
10-8-0-2-0 All Adducts,23868.69,122484.5,N/A,N/A,N/A
10-8-0-2-0 All Ratio,1,5.13,N/A,N/A,N/A
10-8-1-0-0 Protonated,444582.6,2889128,N/A,N/A,N/A
10-8-1-0-0 Protonated Ratio,1,6.5,N/A,N/A,N/A
10-8-1-0-0 All Adducts,444582.59,2889128,N/A,N/A,N/A
10-8-1-0-0 All Ratio,1,6.5,N/A,N/A,N/A
10-8-1-1-0 Protonated,7732.28,22866.21,N/A,N/A,N/A
10-8-1-1-0 Protonated Ratio,1,2.96,N/A,N/A,N/A
10-8-1-1-0 All Adducts,7732.28,246136,N/A,N/A,N/A
10-8-1-1-0 All Ratio,1,31.83,N/A,N/A,N/A
10-8-1-2-0 Protonated,469232.8,999196.1,N/A,N/A,N/A
10-8-1-2-0 Protonated Ratio,1,2.13,N/A,N/A,N/A
10-8-1-2-0 All Adducts,517357.22,1941087.31,N/A,N/A,N/A
10-8-1-2-0 All Ratio,1,3.75,N/A,N/A,N/A
10-9-0-0-0 Protonated,11917940,26670660,N/A,N/A,N/A
10-9-0-0-0 Protonated Ratio,1,2.24,N/A,N/A,N/A
10-9-0-0-0 All Adducts,16562066,26670660,N/A,N/A,N/A
10-9-0-0-0 All Ratio,1,1.61,N/A,N/A,N/A
10-9-0-1-0 Protonated,7668.63,28123.98,N/A,N/A,N/A
10-9-0-1-0 Protonated Ratio,1,3.67,N/A,N/A,N/A
10-9-0-1-0 All Adducts,7668.63,28123.98,N/A,N/A,N/A
10-9-0-1-0 All Ratio,1,3.67,N/A,N/A,N/A
10-9-0-2-0 Protonated,79038.47,428605.7,N/A,N/A,N/A
10-9-0-2-0 Protonated Ratio,1,5.42,N/A,N/A,N/A
10-9-0-2-0 All Adducts,79038.47,428605.69,N/A,N/A,N/A
10-9-0-2-0 All Ratio,1,5.42,N/A,N/A,N/A
10-9-0-3-0 Protonated,4941.37,6826.57,N/A,N/A,N/A
10-9-0-3-0 Protonated Ratio,1,1.38,N/A,N/A,N/A
10-9-0-3-0 All Adducts,4941.37,6826.56,N/A,N/A,N/A
10-9-0-3-0 All Ratio,1,1.38,N/A,N/A,N/A
10-9-1-0-0 Protonated,13959.72,55919.53,N/A,N/A,N/A
10-9-1-0-0 Protonated Ratio,1,4.01,N/A,N/A,N/A
10-9-1-0-0 All Adducts,13959.72,55919.53,N/A,N/A,N/A
10-9-1-0-0 All Ratio,1,4.01,N/A,N/A,N/A
10-9-1-1-0 Protonated,7030.74,25339.08,N/A,N/A,N/A
10-9-1-1-0 Protonated Ratio,1,3.6,N/A,N/A,N/A
10-9-1-1-0 All Adducts,7030.74,118201.77,N/A,N/A,N/A
10-9-1-1-0 All Ratio,1,16.81,N/A,N/A,N/A
10-9-1-2-0 Protonated,34838.09,1174884,N/A,N/A,N/A
10-9-1-2-0 Protonated Ratio,1,33.72,N/A,N/A,N/A
10-9-1-2-0 All Adducts,34838.09,1174884,N/A,N/A,N/A
10-9-1-2-0 All Ratio,1,33.72,N/A,N/A,N/A
10-9-1-3-0 Protonated,14347.24,62117.28,N/A,N/A,N/A
10-9-1-3-0 Protonated Ratio,1,4.33,N/A,N/A,N/A
10-9-1-3-0 All Adducts,14347.24,62117.28,N/A,N/A,N/A
10-9-1-3-0 All Ratio,1,4.33,N/A,N/A,N/A
10-10-0-0-0 Protonated,8650216,9568884,N/A,N/A,N/A
10-10-0-0-0 Protonated Ratio,1,1.11,N/A,N/A,N/A
10-10-0-0-0 All Adducts,8650216,13072292.5,N/A,N/A,N/A
10-10-0-0-0 All Ratio,1,1.51,N/A,N/A,N/A
10-10-0-1-0 Protonated,5305.02,13418.18,N/A,N/A,N/A
10-10-0-1-0 Protonated Ratio,1,2.53,N/A,N/A,N/A
10-10-0-1-0 All Adducts,5305.02,13418.18,N/A,N/A,N/A
10-10-0-1-0 All Ratio,1,2.53,N/A,N/A,N/A
10-10-0-2-0 Protonated,5271.6,8435.44,N/A,N/A,N/A
10-10-0-2-0 Protonated Ratio,1,1.6,N/A,N/A,N/A
10-10-0-2-0 All Adducts,5271.6,8435.44,N/A,N/A,N/A
10-10-0-2-0 All Ratio,1,1.6,N/A,N/A,N/A
10-10-0-3-0 Protonated,61941.25,243267.3,N/A,N/A,N/A
10-10-0-3-0 Protonated Ratio,1,3.93,N/A,N/A,N/A
10-10-0-3-0 All Adducts,61941.25,243267.3,N/A,N/A,N/A
10-10-0-3-0 All Ratio,1,3.93,N/A,N/A,N/A
10-10-0-4-0 Protonated,4811.4,0,N/A,N/A,N/A
10-10-0-4-0 Protonated Ratio,1,0,N/A,N/A,N/A
10-10-0-4-0 All Adducts,4811.4,0,N/A,N/A,N/A
10-10-0-4-0 All Ratio,1,0,N/A,N/A,N/A
10-10-1-0-0 Protonated,36983.1,387794.4,N/A,N/A,N/A
10-10-1-0-0 Protonated Ratio,1,10.49,N/A,N/A,N/A
10-10-1-0-0 All Adducts,36983.1,387794.41,N/A,N/A,N/A
10-10-1-0-0 All Ratio,1,10.49,N/A,N/A,N/A
10-10-1-1-0 Protonated,7461.41,21453.3,N/A,N/A,N/A
10-10-1-1-0 Protonated Ratio,1,2.88,N/A,N/A,N/A
10-10-1-1-0 All Adducts,7461.41,21453.3,N/A,N/A,N/A
10-10-1-1-0 All Ratio,1,2.88,N/A,N/A,N/A
10-10-1-2-0 Protonated,3588.35,11134.24,N/A,N/A,N/A
10-10-1-2-0 Protonated Ratio,1,3.1,N/A,N/A,N/A
10-10-1-2-0 All Adducts,3588.35,11134.24,N/A,N/A,N/A
10-10-1-2-0 All Ratio,1,3.1,N/A,N/A,N/A
10-10-1-3-0 Protonated,4741.9,6691.94,N/A,N/A,N/A
10-10-1-3-0 Protonated Ratio,1,1.41,N/A,N/A,N/A
10-10-1-3-0 All Adducts,4741.9,6691.94,N/A,N/A,N/A
10-10-1-3-0 All Ratio,1,1.41,N/A,N/A,N/A
10-10-1-4-0 Protonated,74104.97,82959.29,N/A,N/A,N/A
10-10-1-4-0 Protonated Ratio,1,1.12,N/A,N/A,N/A
10-10-1-4-0 All Adducts,74104.97,82959.29,N/A,N/A,N/A
10-10-1-4-0 All Ratio,1,1.12,N/A,N/A,N/A
10-11-0-0-0 Protonated,160165.5,395633.4,N/A,N/A,N/A
10-11-0-0-0 Protonated Ratio,1,2.47,N/A,N/A,N/A
10-11-0-0-0 All Adducts,160165.5,395633.41,N/A,N/A,N/A
10-11-0-0-0 All Ratio,1,2.47,N/A,N/A,N/A
10-11-0-1-0 Protonated,14687.29,63802.97,N/A,N/A,N/A
10-11-0-1-0 Protonated Ratio,1,4.34,N/A,N/A,N/A
10-11-0-1-0 All Adducts,14687.29,130941.77,N/A,N/A,N/A
10-11-0-1-0 All Ratio,1,8.92,N/A,N/A,N/A
10-11-0-2-0 Protonated,16170.27,23550.27,N/A,N/A,N/A
10-11-0-2-0 Protonated Ratio,1,1.46,N/A,N/A,N/A
10-11-0-2-0 All Adducts,53404.77,23550.27,N/A,N/A,N/A
10-11-0-2-0 All Ratio,2.27,1,N/A,N/A,N/A
10-11-0-3-0 Protonated,5492.29,6119.56,N/A,N/A,N/A
10-11-0-3-0 Protonated Ratio,1,1.11,N/A,N/A,N/A
10-11-0-3-0 All Adducts,5492.29,6119.56,N/A,N/A,N/A
10-11-0-3-0 All Ratio,1,1.11,N/A,N/A,N/A
10-11-0-4-0 Protonated,48550.45,331661,N/A,N/A,N/A
10-11-0-4-0 Protonated Ratio,1,6.83,N/A,N/A,N/A
10-11-0-4-0 All Adducts,48550.45,331661,N/A,N/A,N/A
10-11-0-4-0 All Ratio,1,6.83,N/A,N/A,N/A
10-11-1-0-0 Protonated,112954.1,932333.8,N/A,N/A,N/A
10-11-1-0-0 Protonated Ratio,1,8.25,N/A,N/A,N/A
10-11-1-0-0 All Adducts,112954.1,932333.81,N/A,N/A,N/A
10-11-1-0-0 All Ratio,1,8.25,N/A,N/A,N/A
10-11-1-1-0 Protonated,0,11180.3,N/A,N/A,N/A
10-11-1-1-0 Protonated Ratio,0,1,N/A,N/A,N/A
10-11-1-1-0 All Adducts,0,11180.3,N/A,N/A,N/A
10-11-1-1-0 All Ratio,0,1,N/A,N/A,N/A
10-11-1-2-0 Protonated,8019.63,58246.37,N/A,N/A,N/A
10-11-1-2-0 Protonated Ratio,1,7.26,N/A,N/A,N/A
10-11-1-2-0 All Adducts,8019.63,58246.37,N/A,N/A,N/A
10-11-1-2-0 All Ratio,1,7.26,N/A,N/A,N/A
10-11-1-3-0 Protonated,5411.77,0,N/A,N/A,N/A
10-11-1-3-0 Protonated Ratio,1,0,N/A,N/A,N/A
10-11-1-3-0 All Adducts,5411.77,0,N/A,N/A,N/A
10-11-1-3-0 All Ratio,1,0,N/A,N/A,N/A
10-11-1-4-0 Protonated,4881.23,8279.54,N/A,N/A,N/A
10-11-1-4-0 Protonated Ratio,1,1.7,N/A,N/A,N/A
10-11-1-4-0 All Adducts,4881.23,8279.54,N/A,N/A,N/A
10-11-1-4-0 All Ratio,1,1.7,N/A,N/A,N/A
11-7-0-0-0 Protonated,51671.5,1181893,N/A,N/A,N/A
11-7-0-0-0 Protonated Ratio,1,22.87,N/A,N/A,N/A
11-7-0-0-0 All Adducts,51671.5,1181893,N/A,N/A,N/A
11-7-0-0-0 All Ratio,1,22.87,N/A,N/A,N/A
11-7-1-0-0 Protonated,4922.81,10943.25,N/A,N/A,N/A
11-7-1-0-0 Protonated Ratio,1,2.22,N/A,N/A,N/A
11-7-1-0-0 All Adducts,4922.81,38460.46,N/A,N/A,N/A
11-7-1-0-0 All Ratio,1,7.81,N/A,N/A,N/A
11-8-0-0-0 Protonated,4077.85,29141.3,N/A,N/A,N/A
11-8-0-0-0 Protonated Ratio,1,7.15,N/A,N/A,N/A
11-8-0-0-0 All Adducts,11946.92,50641.95,N/A,N/A,N/A
11-8-0-0-0 All Ratio,1,4.24,N/A,N/A,N/A
11-8-0-1-0 Protonated,277160.8,2630636,N/A,N/A,N/A
11-8-0-1-0 Protonated Ratio,1,9.49,N/A,N/A,N/A
11-8-0-1-0 All Adducts,277160.81,2909879.69,N/A,N/A,N/A
11-8-0-1-0 All Ratio,1,10.5,N/A,N/A,N/A
11-8-1-0-0 Protonated,5398.25,53819.13,N/A,N/A,N/A
11-8-1-0-0 Protonated Ratio,1,9.97,N/A,N/A,N/A
11-8-1-0-0 All Adducts,5398.25,130014.45,N/A,N/A,N/A
11-8-1-0-0 All Ratio,1,24.08,N/A,N/A,N/A
11-8-1-1-0 Protonated,31296.87,158363.8,N/A,N/A,N/A
11-8-1-1-0 Protonated Ratio,1,5.06,N/A,N/A,N/A
11-8-1-1-0 All Adducts,35825.35,158363.75,N/A,N/A,N/A
11-8-1-1-0 All Ratio,1,4.42,N/A,N/A,N/A
11-9-0-0-0 Protonated,37778.2,116021,N/A,N/A,N/A
11-9-0-0-0 Protonated Ratio,1,3.07,N/A,N/A,N/A
11-9-0-0-0 All Adducts,37778.2,116021,N/A,N/A,N/A
11-9-0-0-0 All Ratio,1,3.07,N/A,N/A,N/A
11-9-0-1-0 Protonated,8252.78,91414.97,N/A,N/A,N/A
11-9-0-1-0 Protonated Ratio,1,11.08,N/A,N/A,N/A
11-9-0-1-0 All Adducts,8252.78,91414.97,N/A,N/A,N/A
11-9-0-1-0 All Ratio,1,11.08,N/A,N/A,N/A
11-9-0-2-0 Protonated,165465.6,595934.9,N/A,N/A,N/A
11-9-0-2-0 Protonated Ratio,1,3.6,N/A,N/A,N/A
11-9-0-2-0 All Adducts,165465.56,595934.94,N/A,N/A,N/A
11-9-0-2-0 All Ratio,1,3.6,N/A,N/A,N/A
11-9-1-0-0 Protonated,15515.31,44117.61,N/A,N/A,N/A
11-9-1-0-0 Protonated Ratio,1,2.84,N/A,N/A,N/A
11-9-1-0-0 All Adducts,15515.31,44117.61,N/A,N/A,N/A
11-9-1-0-0 All Ratio,1,2.84,N/A,N/A,N/A
11-9-1-1-0 Protonated,37176.27,215416.9,N/A,N/A,N/A
11-9-1-1-0 Protonated Ratio,1,5.79,N/A,N/A,N/A
11-9-1-1-0 All Adducts,37176.27,215416.94,N/A,N/A,N/A
11-9-1-1-0 All Ratio,1,5.79,N/A,N/A,N/A
11-9-1-2-0 Protonated,5136.68,5404.47,N/A,N/A,N/A
11-9-1-2-0 Protonated Ratio,1,1.05,N/A,N/A,N/A
11-9-1-2-0 All Adducts,5136.67,5404.46,N/A,N/A,N/A
11-9-1-2-0 All Ratio,1,1.05,N/A,N/A,N/A
11-10-0-0-0 Protonated,6477.19,10846.67,N/A,N/A,N/A
11-10-0-0-0 Protonated Ratio,1,1.67,N/A,N/A,N/A
11-10-0-0-0 All Adducts,6477.19,10846.67,N/A,N/A,N/A
11-10-0-0-0 All Ratio,1,1.67,N/A,N/A,N/A
11-10-0-1-0 Protonated,5744.82,21141.29,N/A,N/A,N/A
11-10-0-1-0 Protonated Ratio,1,3.68,N/A,N/A,N/A
11-10-0-1-0 All Adducts,5744.82,64125.7,N/A,N/A,N/A
11-10-0-1-0 All Ratio,1,11.16,N/A,N/A,N/A
11-10-0-2-0 Protonated,4002.46,12410.24,N/A,N/A,N/A
11-10-0-2-0 Protonated Ratio,1,3.1,N/A,N/A,N/A
11-10-0-2-0 All Adducts,4002.46,12410.24,N/A,N/A,N/A
11-10-0-2-0 All Ratio,1,3.1,N/A,N/A,N/A
11-10-0-3-0 Protonated,34176.04,201092.4,N/A,N/A,N/A
11-10-0-3-0 Protonated Ratio,1,5.88,N/A,N/A,N/A
11-10-0-3-0 All Adducts,34176.04,201092.41,N/A,N/A,N/A
11-10-0-3-0 All Ratio,1,5.88,N/A,N/A,N/A
11-10-1-0-0 Protonated,100609.1,223270.3,N/A,N/A,N/A
11-10-1-0-0 Protonated Ratio,1,2.22,N/A,N/A,N/A
11-10-1-0-0 All Adducts,218987.73,1701773.73,N/A,N/A,N/A
11-10-1-0-0 All Ratio,1,7.77,N/A,N/A,N/A
11-10-1-1-0 Protonated,3971.31,16813.13,N/A,N/A,N/A
11-10-1-1-0 Protonated Ratio,1,4.23,N/A,N/A,N/A
11-10-1-1-0 All Adducts,3971.31,16813.13,N/A,N/A,N/A
11-10-1-1-0 All Ratio,1,4.23,N/A,N/A,N/A
11-10-1-2-0 Protonated,5509.7,6964.61,N/A,N/A,N/A
11-10-1-2-0 Protonated Ratio,1,1.26,N/A,N/A,N/A
11-10-1-2-0 All Adducts,5509.7,6964.61,N/A,N/A,N/A
11-10-1-2-0 All Ratio,1,1.26,N/A,N/A,N/A
11-10-1-3-0 Protonated,4767.1,4921,N/A,N/A,N/A
11-10-1-3-0 Protonated Ratio,1,1.03,N/A,N/A,N/A
11-10-1-3-0 All Adducts,4767.1,4921,N/A,N/A,N/A
11-10-1-3-0 All Ratio,1,1.03,N/A,N/A,N/A
11-11-0-0-0 Protonated,4931.43,25722.31,N/A,N/A,N/A
11-11-0-0-0 Protonated Ratio,1,5.22,N/A,N/A,N/A
11-11-0-0-0 All Adducts,4931.42,65057.66,N/A,N/A,N/A
11-11-0-0-0 All Ratio,1,13.19,N/A,N/A,N/A
11-11-0-1-0 Protonated,8311.93,10341.81,N/A,N/A,N/A
11-11-0-1-0 Protonated Ratio,1,1.24,N/A,N/A,N/A
11-11-0-1-0 All Adducts,8311.93,10341.81,N/A,N/A,N/A
11-11-0-1-0 All Ratio,1,1.24,N/A,N/A,N/A
11-11-0-2-0 Protonated,3835.6,8865.52,N/A,N/A,N/A
11-11-0-2-0 Protonated Ratio,1,2.31,N/A,N/A,N/A
11-11-0-2-0 All Adducts,3835.6,8865.52,N/A,N/A,N/A
11-11-0-2-0 All Ratio,1,2.31,N/A,N/A,N/A
11-11-0-3-0 Protonated,6283.43,0,N/A,N/A,N/A
11-11-0-3-0 Protonated Ratio,1,0,N/A,N/A,N/A
11-11-0-3-0 All Adducts,6283.43,0,N/A,N/A,N/A
11-11-0-3-0 All Ratio,1,0,N/A,N/A,N/A
11-11-0-4-0 Protonated,4954.61,5341.1,N/A,N/A,N/A
11-11-0-4-0 Protonated Ratio,1,1.08,N/A,N/A,N/A
11-11-0-4-0 All Adducts,4954.61,5341.1,N/A,N/A,N/A
11-11-0-4-0 All Ratio,1,1.08,N/A,N/A,N/A
11-11-1-0-0 Protonated,414144.5,2086435,N/A,N/A,N/A
11-11-1-0-0 Protonated Ratio,1,5.04,N/A,N/A,N/A
11-11-1-0-0 All Adducts,414144.47,2086434.88,N/A,N/A,N/A
11-11-1-0-0 All Ratio,1,5.04,N/A,N/A,N/A
11-11-1-1-0 Protonated,25127.97,211888.8,N/A,N/A,N/A
11-11-1-1-0 Protonated Ratio,1,8.43,N/A,N/A,N/A
11-11-1-1-0 All Adducts,25127.97,211888.8,N/A,N/A,N/A
11-11-1-1-0 All Ratio,1,8.43,N/A,N/A,N/A
11-11-1-3-0 Protonated,0,7279.79,N/A,N/A,N/A
11-11-1-3-0 Protonated Ratio,0,1,N/A,N/A,N/A
11-11-1-3-0 All Adducts,0,7279.79,N/A,N/A,N/A
11-11-1-3-0 All Ratio,0,1,N/A,N/A,N/A
11-11-1-4-0 Protonated,4791.4,0,N/A,N/A,N/A
11-11-1-4-0 Protonated Ratio,1,0,N/A,N/A,N/A
11-11-1-4-0 All Adducts,4791.4,0,N/A,N/A,N/A
11-11-1-4-0 All Ratio,1,0,N/A,N/A,N/A
